9 0.075 0.6166666666666667 0.046875 0.10555555555555556
2 0.65703125 0.05555555555555555 0.1796875 0.07777777777777778
2 0.42265625 0.041666666666666664 0.1734375 0.05555555555555555
2 0.61015625 0.725 0.3015625 0.4666666666666667
9 0.409375 0.09583333333333334 0.209375 0.019444444444444445
9 0.66328125 0.11388888888888889 0.1953125 0.022222222222222223
9 0.93203125 0.13472222222222222 0.1234375 0.019444444444444445
2 0.94375 0.3402777777777778 0.09375 0.275
9 0.0625 0.8666666666666667 0.0125 0.044444444444444446
9 0.17890625 0.4791666666666667 0.0578125 0.8583333333333333
9 0.02890625 0.21805555555555556 0.0453125 0.3861111111111111
2 0.51875 0.5291666666666667 0.390625 0.6416666666666667
9 0.065625 0.7861111111111111 0.0125 0.03888888888888889