9 0.10703125 0.1638888888888889 0.2078125 0.32222222222222224
9 0.1234375 0.7680555555555556 0.240625 0.30833333333333335
9 0.87890625 0.11944444444444445 0.2421875 0.2222222222222222
9 0.28125 0.09027777777777778 0.115625 0.030555555555555555
9 0.38515625 0.04583333333333333 0.0421875 0.06944444444444445
9 0.47265625 0.05277777777777778 0.1203125 0.027777777777777776
9 0.5734375 0.029166666666666667 0.04375 0.04722222222222222
9 0.65703125 0.030555555555555555 0.1171875 0.022222222222222223
9 0.71328125 0.15138888888888888 0.2203125 0.19166666666666668
9 0.2921875 0.20277777777777778 0.2 0.2111111111111111
9 0.5046875 0.1736111111111111 0.178125 0.19166666666666668
9 0.34453125 0.7402777777777778 0.3046875 0.2916666666666667
9 0.85703125 0.6569444444444444 0.2796875 0.25833333333333336
9 0.6453125 0.6902777777777778 0.303125 0.2638888888888889