9 0.17890625 0.4083333333333333 0.3484375 0.4777777777777778
9 0.3703125 0.20694444444444443 0.2 0.3416666666666667
9 0.2828125 0.018055555555555554 0.025 0.019444444444444445
9 0.82890625 0.13333333333333333 0.0390625 0.06111111111111111
9 0.84140625 0.2638888888888889 0.0171875 0.027777777777777776
9 0.87265625 0.6444444444444445 0.0234375 0.09444444444444444
9 0.92890625 0.46111111111111114 0.0609375 0.3277777777777778
9 0.778125 0.5347222222222222 0.0625 0.4305555555555556
9 0.51328125 0.22916666666666666 0.1546875 0.425
4 0.1203125 0.04027777777777778 0.0125 0.075
4 0.02265625 0.06666666666666667 0.0171875 0.13333333333333333
9 0.25078125 0.11805555555555555 0.1671875 0.09722222222222222