2 0.94765625 0.05694444444444444 0.0953125 0.09166666666666666
2 0.96015625 0.29444444444444445 0.0703125 0.14444444444444443
2 0.9703125 0.4361111111111111 0.04375 0.2111111111111111
9 0.75625 0.9291666666666667 0.065625 0.1361111111111111
9 0.6859375 0.3111111111111111 0.021875 0.07777777777777778
9 0.58515625 0.29583333333333334 0.0984375 0.5861111111111111
9 0.19453125 0.24444444444444444 0.3796875 0.4722222222222222
9 0.8375 0.7722222222222223 0.090625 0.3111111111111111
9 0.80703125 0.49583333333333335 0.0796875 0.36944444444444446
9 0.7734375 0.20694444444444443 0.0875 0.3138888888888889
9 0.95078125 0.14583333333333334 0.0953125 0.025