9 0.75078125 0.07361111111111111 0.0328125 0.058333333333333334
4 0.21953125 0.5638888888888889 0.1953125 0.3
3 0.38515625 0.5013888888888889 0.0453125 0.041666666666666664
4 0.690625 0.41944444444444445 0.125 0.4388888888888889
4 0.49765625 0.6013888888888889 0.3140625 0.10833333333333334
9 0.234375 0.8847222222222222 0.365625 0.20833333333333334
9 0.5171875 0.8513888888888889 0.534375 0.23055555555555557
9 0.76015625 0.15 0.0359375 0.05555555555555555
9 0.9109375 0.10138888888888889 0.171875 0.041666666666666664
4 0.92265625 0.3638888888888889 0.1453125 0.3333333333333333
9 0.53515625 0.16666666666666666 0.1140625 0.06666666666666667