9 0.32265625 0.4736111111111111 0.1359375 0.075
9 0.23125 0.07916666666666666 0.128125 0.14166666666666666
2 0.16640625 0.8194444444444444 0.2984375 0.23333333333333334
9 0.45390625 0.22916666666666666 0.0796875 0.41388888888888886
2 0.88203125 0.3055555555555556 0.2234375 0.3388888888888889
9 0.540625 0.6527777777777778 0.053125 0.11666666666666667
9 0.54453125 0.8555555555555555 0.0234375 0.044444444444444446
9 0.14765625 0.11805555555555555 0.0453125 0.21944444444444444
9 0.61640625 0.2222222222222222 0.1140625 0.42777777777777776
9 0.6375 0.6888888888888889 0.096875 0.5222222222222223
9 0.87578125 0.05138888888888889 0.2421875 0.025