9 0.12890625 0.35555555555555557 0.1671875 0.16666666666666666
9 0.678125 0.4027777777777778 0.0375 0.25555555555555554
9 0.68828125 0.7666666666666667 0.0734375 0.2
2 0.88828125 0.5125 0.1890625 0.225
2 0.8921875 0.8680555555555556 0.1625 0.19722222222222222
2 0.80703125 0.21388888888888888 0.1046875 0.17777777777777778
4 0.15625 0.1125 0.13125 0.14722222222222223
9 0.5453125 0.2222222222222222 0.090625 0.3111111111111111
9 0.35703125 0.29583333333333334 0.2484375 0.275
9 0.95 0.3416666666666667 0.09375 0.016666666666666666
4 0.9125 0.034722222222222224 0.115625 0.06388888888888888
4 0.28828125 0.06805555555555555 0.1078125 0.125