4 0.63515625 0.06111111111111111 0.2703125 0.1111111111111111
2 0.4046875 0.3 0.15625 0.18333333333333332
2 0.60390625 0.3236111111111111 0.1453125 0.20277777777777778
2 0.8890625 0.3125 0.140625 0.18055555555555555
2 0.51015625 0.7013888888888888 0.3984375 0.3194444444444444
2 0.9078125 0.6722222222222223 0.1375 0.29444444444444445
9 0.103125 0.9458333333333333 0.0375 0.08611111111111111
9 0.15703125 0.4236111111111111 0.0109375 0.16944444444444445
4 0.3953125 0.058333333333333334 0.21875 0.1111111111111111
4 0.85703125 0.0625 0.2640625 0.11388888888888889
9 0.1640625 0.23333333333333334 0.01875 0.17222222222222222
9 0.05390625 0.33611111111111114 0.0703125 0.32222222222222224
9 0.196875 0.5458333333333333 0.059375 0.5638888888888889
4 0.11953125 0.06111111111111111 0.0546875 0.1111111111111111