9 0.88203125 0.2638888888888889 0.2203125 0.03333333333333333
4 0.4265625 0.3902777777777778 0.26875 0.18055555555555555
4 0.64765625 0.39444444444444443 0.2515625 0.17222222222222222
4 0.85390625 0.39166666666666666 0.2734375 0.16666666666666666
9 0.10078125 0.6805555555555556 0.1890625 0.2222222222222222
4 0.025 0.4736111111111111 0.04375 0.1527777777777778
4 0.2015625 0.40694444444444444 0.053125 0.18055555555555555
3 0.07578125 0.4444444444444444 0.0234375 0.022222222222222223
9 0.39453125 0.2611111111111111 0.1953125 0.027777777777777776
9 0.62890625 0.2611111111111111 0.2703125 0.03333333333333333
9 0.28515625 0.8013888888888889 0.0578125 0.275
2 0.5828125 0.6861111111111111 0.334375 0.20555555555555555
2 0.934375 0.6722222222222223 0.08125 0.2222222222222222
9 0.47890625 0.85 0.1765625 0.016666666666666666
9 0.7015625 0.8444444444444444 0.18125 0.022222222222222223
9 0.93515625 0.8361111111111111 0.0859375 0.027777777777777776
2 0.59453125 0.9527777777777777 0.3953125 0.07777777777777778
9 0.18515625 0.2791666666666667 0.0828125 0.030555555555555555