9 0.15625 0.9527777777777777 0.046875 0.08888888888888889
2 0.559375 0.7125 0.39375 0.39166666666666666
2 0.46328125 0.29444444444444445 0.1671875 0.21666666666666667
9 0.1140625 0.29583333333333334 0.053125 0.2638888888888889
9 0.23828125 0.7347222222222223 0.0484375 0.4583333333333333
4 0.16015625 0.06388888888888888 0.0578125 0.08333333333333333
4 0.840625 0.05694444444444444 0.309375 0.10277777777777777
4 0.57265625 0.05694444444444444 0.2109375 0.09722222222222222
4 0.34765625 0.05277777777777778 0.2109375 0.09444444444444444
9 0.02265625 0.2791666666666667 0.0359375 0.1527777777777778
2 0.93828125 0.3013888888888889 0.1109375 0.19166666666666668
2 0.94375 0.6347222222222222 0.09375 0.2361111111111111