9 0.040625 0.19027777777777777 0.053125 0.33055555555555555
9 0.0953125 0.7291666666666666 0.04375 0.09166666666666666
9 0.16015625 0.14027777777777778 0.0140625 0.1638888888888889
9 0.11875 0.85 0.015625 0.1111111111111111
9 0.08828125 0.8958333333333334 0.0171875 0.041666666666666664
9 0.0828125 0.9722222222222222 0.0125 0.03888888888888889
9 0.4140625 0.21666666666666667 0.203125 0.022222222222222223
9 0.65390625 0.22916666666666666 0.1953125 0.025
9 0.928125 0.2388888888888889 0.1375 0.022222222222222223
2 0.93828125 0.4166666666666667 0.1109375 0.2388888888888889
2 0.528125 0.49722222222222223 0.409375 0.40555555555555556
2 0.60703125 0.6402777777777777 0.2984375 0.41944444444444445
2 0.42578125 0.09444444444444444 0.1734375 0.15555555555555556
2 0.6375 0.11388888888888889 0.165625 0.17777777777777778
2 0.91953125 0.1111111111111111 0.1265625 0.17777777777777778
9 0.190625 0.4777777777777778 0.021875 0.6333333333333333