9 0.70390625 0.32916666666666666 0.0484375 0.24722222222222223
9 0.9796875 0.3611111111111111 0.0375 0.022222222222222223
4 0.13203125 0.07222222222222222 0.1921875 0.14444444444444443
4 0.31875 0.03888888888888889 0.175 0.07777777777777778
2 0.91015625 0.5527777777777778 0.1578125 0.2833333333333333
2 0.921875 0.7111111111111111 0.1 0.2388888888888889
2 0.8578125 0.20277777777777778 0.109375 0.2
2 0.96875 0.19027777777777777 0.05 0.11944444444444445
9 0.7296875 0.5458333333333333 0.059375 0.2361111111111111
9 0.2734375 0.3194444444444444 0.25 0.2833333333333333
9 0.15 0.44166666666666665 0.29375 0.3611111111111111
9 0.7078125 0.9180555555555555 0.04375 0.09722222222222222
9 0.64140625 0.19444444444444445 0.0203125 0.03888888888888889
9 0.4859375 0.3416666666666667 0.228125 0.5111111111111111
9 0.34375 0.1638888888888889 0.115625 0.13333333333333333
9 0.87578125 0.3638888888888889 0.1421875 0.016666666666666666