9 0.521875 0.7388888888888889 0.065625 0.1388888888888889
9 0.61328125 0.2625 0.1265625 0.4638888888888889
9 0.56640625 0.8902777777777777 0.0171875 0.18611111111111112
9 0.08203125 0.058333333333333334 0.1234375 0.1
9 0.63828125 0.7277777777777777 0.0796875 0.4
9 0.2703125 0.0625 0.1625 0.11388888888888889
2 0.9046875 0.29583333333333334 0.159375 0.35833333333333334
9 0.28828125 0.4777777777777778 0.1328125 0.09444444444444444
9 0.50625 0.1625 0.03125 0.09722222222222222
9 0.4234375 0.2625 0.0875 0.41944444444444445
2 0.1453125 0.8236111111111111 0.275 0.16944444444444445