9 0.26875 0.41944444444444445 0.353125 0.36666666666666664
9 0.71953125 0.29583333333333334 0.0546875 0.24722222222222223
9 0.74453125 0.5680555555555555 0.0484375 0.24166666666666667
9 0.60703125 0.40555555555555556 0.0765625 0.35
4 0.303125 0.05138888888888889 0.16875 0.09166666666666666
4 0.10703125 0.09722222222222222 0.1890625 0.15555555555555556
2 0.925 0.5625 0.13125 0.225
2 0.88515625 0.24027777777777778 0.1078125 0.225
2 0.92890625 0.7958333333333333 0.1015625 0.1638888888888889
9 0.9 0.38472222222222224 0.140625 0.019444444444444445
9 0.04765625 0.4583333333333333 0.0734375 0.35555555555555557
9 0.55 0.14583333333333334 0.1625 0.15833333333333333
9 0.76328125 0.875 0.0984375 0.24444444444444444