9 0.10625 0.3458333333333333 0.2125 0.325
9 0.87890625 0.22916666666666666 0.2421875 0.3416666666666667
9 0.6890625 0.3347222222222222 0.203125 0.18611111111111112
9 0.3078125 0.3888888888888889 0.128125 0.18333333333333332
9 0.47890625 0.35833333333333334 0.1265625 0.13333333333333333
9 0.1578125 0.8791666666666667 0.315625 0.24166666666666667
9 0.4328125 0.8652777777777778 0.190625 0.26944444444444443
9 0.8453125 0.8055555555555556 0.275 0.25
9 0.2671875 0.14166666666666666 0.2125 0.022222222222222223
9 0.66015625 0.08055555555555556 0.1796875 0.03333333333333333
9 0.56015625 0.1638888888888889 0.0421875 0.14444444444444443
9 0.46640625 0.1125 0.1484375 0.030555555555555555
9 0.38125 0.18055555555555555 0.034375 0.1388888888888889
9 0.296875 0.2777777777777778 0.134375 0.03333333333333333
9 0.10078125 0.15694444444444444 0.1203125 0.05277777777777778
9 0.61328125 0.85 0.1265625 0.2611111111111111