4 0.34453125 0.04722222222222222 0.1484375 0.07777777777777778
9 0.71015625 0.9291666666666667 0.0421875 0.09722222222222222
9 0.71640625 0.37222222222222223 0.0640625 0.25
9 0.190625 0.45694444444444443 0.375 0.35833333333333334
9 0.40390625 0.2847222222222222 0.2234375 0.3416666666666667
9 0.25 0.26805555555555555 0.20625 0.125
4 0.14140625 0.07916666666666666 0.1828125 0.14722222222222223
4 0.0703125 0.12222222222222222 0.13125 0.15555555555555556
9 0.74765625 0.6847222222222222 0.0546875 0.3527777777777778
2 0.9140625 0.5569444444444445 0.15 0.2638888888888889
2 0.91953125 0.7069444444444445 0.1078125 0.3527777777777778
2 0.8640625 0.2111111111111111 0.090625 0.18333333333333332
9 0.88125 0.37222222222222223 0.1375 0.016666666666666666
9 0.98125 0.36666666666666664 0.028125 0.022222222222222223
9 0.64375 0.2125 0.015625 0.04722222222222222
9 0.578125 0.19722222222222222 0.078125 0.2833333333333333