9 0.79140625 0.8236111111111111 0.0765625 0.3527777777777778
9 0.471875 0.14583333333333334 0.346875 0.13055555555555556
4 0.071875 0.07777777777777778 0.134375 0.15
9 0.25078125 0.41388888888888886 0.4953125 0.38333333333333336
4 0.2046875 0.0625 0.09375 0.10833333333333334
4 0.3265625 0.030555555555555555 0.109375 0.06111111111111111
9 0.725 0.23472222222222222 0.096875 0.225
2 0.88203125 0.21666666666666667 0.0828125 0.18333333333333332
2 0.93828125 0.5111111111111111 0.1140625 0.13333333333333333
2 0.94375 0.7013888888888888 0.08125 0.19166666666666668
4 0.96328125 0.029166666666666667 0.0484375 0.05277777777777778
9 0.77890625 0.5 0.0546875 0.2222222222222222