4 0.1828125 0.025 0.0625 0.03888888888888889
9 0.81015625 0.6625 0.0671875 0.1638888888888889
4 0.93125 0.041666666666666664 0.065625 0.044444444444444446
9 0.2046875 0.3402777777777778 0.378125 0.26944444444444443
2 0.9421875 0.6847222222222222 0.075 0.19166666666666668
2 0.89453125 0.46805555555555556 0.0578125 0.11388888888888889
2 0.84765625 0.18472222222222223 0.0484375 0.14166666666666666
4 0.04140625 0.03888888888888889 0.0734375 0.07222222222222222
9 0.76640625 0.31805555555555554 0.0640625 0.21944444444444444
9 0.49765625 0.10555555555555556 0.3609375 0.17222222222222222
9 0.83203125 0.8944444444444445 0.0640625 0.1388888888888889