9 0.21875 0.3861111111111111 0.20625 0.3388888888888889
9 0.39453125 0.2847222222222222 0.2328125 0.24722222222222223
9 0.296875 0.11944444444444445 0.028125 0.03333333333333333
9 0.371875 0.14444444444444443 0.103125 0.08888888888888889
9 0.62890625 0.20555555555555555 0.0703125 0.3611111111111111
9 0.70390625 0.21388888888888888 0.0265625 0.03888888888888889
9 0.78203125 0.3111111111111111 0.0609375 0.31666666666666665
9 0.82890625 0.75 0.0671875 0.18888888888888888
4 0.090625 0.08472222222222223 0.165625 0.15833333333333333
4 0.271875 0.04583333333333333 0.23125 0.075
4 0.428125 0.025 0.0625 0.044444444444444446
9 0.0609375 0.4722222222222222 0.1125 0.39444444444444443
9 0.73203125 0.5958333333333333 0.0234375 0.075
9 0.75703125 0.8013888888888889 0.0109375 0.041666666666666664
2 0.940625 0.22361111111111112 0.09375 0.25277777777777777
2 0.9546875 0.3958333333333333 0.075 0.3972222222222222
2 0.96328125 0.6305555555555555 0.0453125 0.2722222222222222