9 0.10078125 0.7902777777777777 0.0421875 0.08611111111111111
9 0.15390625 0.3013888888888889 0.0171875 0.21944444444444444
9 0.16953125 0.12222222222222222 0.0109375 0.13333333333333333
9 0.14140625 0.10277777777777777 0.0140625 0.027777777777777776
9 0.196875 0.475 0.0375 0.6222222222222222
9 0.04453125 0.2111111111111111 0.0609375 0.35
9 0.64765625 0.2902777777777778 0.1921875 0.019444444444444445
2 0.4234375 0.13472222222222222 0.165625 0.175
9 0.4140625 0.28055555555555556 0.2 0.016666666666666666
2 0.93203125 0.5027777777777778 0.1078125 0.24444444444444444
2 0.565625 0.7027777777777777 0.321875 0.4388888888888889
2 0.5296875 0.5736111111111111 0.421875 0.425
2 0.92578125 0.12777777777777777 0.1265625 0.12222222222222222
2 0.6265625 0.14166666666666666 0.1625 0.14444444444444443
9 0.921875 0.3013888888888889 0.15 0.019444444444444445