2 0.775 0.22361111111111112 0.078125 0.1527777777777778
9 0.35703125 0.2513888888888889 0.2015625 0.3972222222222222
2 0.88828125 0.6680555555555555 0.1546875 0.225
9 0.12578125 0.32916666666666666 0.2453125 0.4305555555555556
9 0.51640625 0.21805555555555556 0.0921875 0.4027777777777778
9 0.66640625 0.39166666666666666 0.0609375 0.22777777777777777
4 0.15078125 0.013888888888888888 0.2109375 0.022222222222222223
4 0.08125 0.04722222222222222 0.08125 0.027777777777777776
9 0.69453125 0.65 0.0421875 0.16666666666666666
9 0.70703125 0.9 0.0890625 0.17222222222222222
2 0.8421875 0.4791666666666667 0.134375 0.125
4 0.94765625 0.05694444444444444 0.0828125 0.08055555555555556