9 0.05390625 0.37916666666666665 0.0671875 0.5638888888888889
9 0.09765625 0.8638888888888889 0.0421875 0.08333333333333333
2 0.41328125 0.22361111111111112 0.1609375 0.19722222222222222
2 0.61875 0.22361111111111112 0.159375 0.20833333333333334
2 0.91328125 0.23055555555555557 0.1515625 0.20555555555555555
2 0.915625 0.6361111111111111 0.103125 0.3888888888888889
2 0.51328125 0.6888888888888889 0.4015625 0.4888888888888889
9 0.18828125 0.5833333333333334 0.0515625 0.3333333333333333
4 0.7203125 0.019444444444444445 0.228125 0.03333333333333333
4 0.91953125 0.029166666666666667 0.1546875 0.030555555555555555
4 0.0984375 0.02361111111111111 0.0875 0.041666666666666664