2 0.57578125 0.36666666666666664 0.0953125 0.044444444444444446
6 0.70625 0.40694444444444444 0.034375 0.04722222222222222
9 0.07265625 0.3194444444444444 0.0296875 0.05
3 0.909375 0.4888888888888889 0.040625 0.03333333333333333
6 0.740625 0.41944444444444445 0.04375 0.05555555555555555
10 0.815625 0.8125 0.028125 0.030555555555555555
9 0.65390625 0.4527777777777778 0.0578125 0.05
9 0.58125 0.49166666666666664 0.009375 0.044444444444444446
6 0.36640625 0.45 0.0296875 0.044444444444444446
6 0.365625 0.49166666666666664 0.0125 0.03333333333333333
6 0.79765625 0.44583333333333336 0.0734375 0.05277777777777778