6 0.3671875 0.4722222222222222 0.034375 0.08333333333333333
9 0.5859375 0.49583333333333335 0.015625 0.041666666666666664
9 0.06328125 0.3236111111111111 0.0421875 0.03611111111111111
4 0.03828125 0.25833333333333336 0.0328125 0.05
4 0.0125 0.9277777777777778 0.01875 0.07222222222222222
3 0.92890625 0.4861111111111111 0.0421875 0.027777777777777776
2 0.571875 0.3625 0.0875 0.04722222222222222
6 0.809375 0.4444444444444444 0.05625 0.06111111111111111
6 0.75078125 0.4236111111111111 0.0515625 0.058333333333333334
10 0.8328125 0.8277777777777777 0.03125 0.03888888888888889
9 0.6578125 0.45 0.059375 0.06111111111111111