6 0.75078125 0.4125 0.0484375 0.058333333333333334
6 0.709375 0.3958333333333333 0.04375 0.041666666666666664
6 0.365625 0.4888888888888889 0.015625 0.022222222222222223
6 0.3671875 0.4513888888888889 0.03125 0.04722222222222222
9 0.58125 0.49027777777777776 0.0125 0.03611111111111111
9 0.65390625 0.44166666666666665 0.0484375 0.05
10 0.81328125 0.7958333333333333 0.0234375 0.030555555555555555
4 0.03515625 0.9111111111111111 0.0390625 0.06111111111111111
3 0.9109375 0.4847222222222222 0.04375 0.030555555555555555
3 0.89375 0.5458333333333333 0.0375 0.019444444444444445
3 0.86328125 0.5638888888888889 0.0296875 0.022222222222222223
2 0.57890625 0.35 0.0953125 0.044444444444444446
4 0.053125 0.2625 0.0375 0.03611111111111111
9 0.08203125 0.3138888888888889 0.0328125 0.044444444444444446
6 0.78828125 0.44583333333333336 0.0453125 0.041666666666666664