6 0.36015625 0.4625 0.0390625 0.075
10 0.81875 0.8069444444444445 0.025 0.03611111111111111
2 0.57890625 0.35555555555555557 0.1078125 0.044444444444444446
4 0.025 0.9277777777777778 0.04375 0.08888888888888889
9 0.65390625 0.4444444444444444 0.0515625 0.05555555555555555
6 0.80078125 0.4527777777777778 0.0453125 0.06111111111111111
6 0.7453125 0.4236111111111111 0.046875 0.058333333333333334
6 0.70078125 0.4013888888888889 0.0296875 0.041666666666666664
4 0.04140625 0.2569444444444444 0.0484375 0.05277777777777778
9 0.07578125 0.3277777777777778 0.0828125 0.05
3 0.90703125 0.48055555555555557 0.0421875 0.027777777777777776