6 0.928125 0.14166666666666666 0.046875 0.07777777777777778
3 0.978125 0.09166666666666666 0.034375 0.05
9 0.7453125 0.7638888888888888 0.0875 0.14444444444444443
9 0.72578125 0.8902777777777777 0.0421875 0.08611111111111111
9 0.81328125 0.9180555555555555 0.1171875 0.025
9 0.965625 0.7027777777777777 0.06875 0.1388888888888889
9 0.8953125 0.6972222222222222 0.06875 0.1388888888888889
9 0.88203125 0.5291666666666667 0.1328125 0.16944444444444445
10 0.96875 0.5902777777777778 0.025 0.041666666666666664
6 0.14765625 0.42916666666666664 0.0734375 0.09722222222222222
6 0.13203125 0.5236111111111111 0.0765625 0.10277777777777777
6 0.121875 0.6458333333333334 0.040625 0.10833333333333334
2 0.6859375 0.16666666666666666 0.265625 0.19444444444444445