6 0.20703125 0.13333333333333333 0.1234375 0.18888888888888888
6 0.3609375 0.06805555555555555 0.175 0.11388888888888889
6 0.5046875 0.09444444444444444 0.1125 0.14444444444444443
6 0.74765625 0.09166666666666666 0.0578125 0.17777777777777778
6 0.84375 0.09583333333333334 0.075 0.16944444444444445
6 0.3734375 0.6 0.0875 0.10555555555555556
6 0.56640625 0.5847222222222223 0.0453125 0.10277777777777777
6 0.728125 0.5791666666666667 0.071875 0.10277777777777777
6 0.83203125 0.5680555555555555 0.0359375 0.14166666666666666
6 0.95390625 0.5416666666666666 0.0828125 0.06111111111111111
6 0.075 0.6736111111111112 0.05 0.06944444444444445
6 0.2203125 0.6361111111111111 0.059375 0.08333333333333333
3 0.28203125 0.5777777777777777 0.0484375 0.05555555555555555
3 0.40078125 0.2569444444444444 0.0859375 0.05277777777777778
3 0.5140625 0.24166666666666667 0.0625 0.044444444444444446
3 0.68203125 0.24583333333333332 0.0859375 0.041666666666666664
3 0.88515625 0.23333333333333334 0.0984375 0.03333333333333333
3 0.953125 0.3236111111111111 0.090625 0.04722222222222222
3 0.4828125 0.4361111111111111 0.090625 0.05
3 0.5 0.5638888888888889 0.028125 0.05