6 0.215625 0.5847222222222223 0.08125 0.09722222222222222
6 0.27578125 0.5125 0.0796875 0.09166666666666666
6 0.42265625 0.5638888888888889 0.0546875 0.11666666666666667
6 0.575 0.5527777777777778 0.103125 0.08333333333333333
6 0.6796875 0.5277777777777778 0.0375 0.14444444444444443
6 0.80703125 0.5138888888888888 0.0859375 0.07777777777777778
6 0.08203125 0.6180555555555556 0.0703125 0.08611111111111111
3 0.50078125 0.20833333333333334 0.0796875 0.03888888888888889
3 0.6796875 0.20694444444444443 0.090625 0.03611111111111111
3 0.7953125 0.2 0.09375 0.027777777777777776
3 0.93515625 0.2013888888888889 0.1203125 0.030555555555555555
3 0.31640625 0.21944444444444444 0.0484375 0.05
3 0.3484375 0.5402777777777777 0.028125 0.04722222222222222
3 0.1265625 0.5569444444444445 0.046875 0.058333333333333334
3 0.3375 0.4111111111111111 0.040625 0.05555555555555555
3 0.8609375 0.31666666666666665 0.065625 0.08888888888888889
3 0.21953125 0.225 0.0546875 0.044444444444444446
3 0.06015625 0.2611111111111111 0.0546875 0.027777777777777776
6 0.0703125 0.11805555555555555 0.078125 0.15833333333333333
6 0.33203125 0.09444444444444444 0.0390625 0.1111111111111111
6 0.21015625 0.06388888888888888 0.1921875 0.05
6 0.534375 0.09583333333333334 0.04375 0.125
6 0.65 0.09444444444444444 0.075 0.11666666666666667
6 0.79140625 0.13333333333333333 0.1015625 0.03333333333333333
6 0.9796875 0.09444444444444444 0.0375 0.08888888888888889