3 0.3640625 0.26805555555555555 0.05625 0.1361111111111111
3 0.29140625 0.43472222222222223 0.0859375 0.18055555555555555
3 0.1203125 0.7291666666666666 0.15625 0.2361111111111111
6 0.66015625 0.7555555555555555 0.0421875 0.2777777777777778
6 0.840625 0.25 0.034375 0.06666666666666667
6 0.8828125 0.23472222222222222 0.021875 0.10277777777777777
6 0.94140625 0.2638888888888889 0.0359375 0.044444444444444446
6 0.76875 0.2638888888888889 0.01875 0.07222222222222222
6 0.83203125 0.02361111111111111 0.0734375 0.030555555555555555
3 0.6875 0.5125 0.040625 0.175
3 0.66953125 0.31805555555555554 0.0484375 0.18611111111111112