3 0.1421875 0.32916666666666666 0.0875 0.06388888888888888
3 0.48828125 0.3111111111111111 0.2734375 0.027777777777777776
3 0.8234375 0.2902777777777778 0.265625 0.030555555555555555
3 0.7125 0.43472222222222223 0.075 0.058333333333333334
3 0.215625 0.85 0.13125 0.022222222222222223
3 0.0625 0.7166666666666667 0.04375 0.05
3 0.7359375 0.8027777777777778 0.134375 0.07777777777777778
3 0.56953125 0.4125 0.1328125 0.03611111111111111
3 0.32578125 0.425 0.1078125 0.044444444444444446
6 0.20390625 0.12777777777777777 0.0859375 0.2388888888888889
6 0.39453125 0.12361111111111112 0.0828125 0.2361111111111111
6 0.909375 0.10694444444444444 0.15625 0.18611111111111112
6 0.6171875 0.7111111111111111 0.04375 0.14444444444444443
6 0.4984375 0.7069444444444445 0.046875 0.1527777777777778
6 0.3625 0.7180555555555556 0.10625 0.11944444444444445
6 0.1515625 0.7277777777777777 0.09375 0.1