6 0.4359375 0.7180555555555556 0.125 0.11944444444444445
6 0.5265625 0.6180555555555556 0.096875 0.09722222222222222
6 0.68828125 0.6972222222222222 0.0859375 0.08888888888888889
6 0.8875 0.6722222222222223 0.1375 0.09444444444444444
6 0.27265625 0.7638888888888888 0.0859375 0.1111111111111111
6 0.25 0.10694444444444444 0.225 0.20833333333333334
6 0.575 0.06805555555555555 0.4 0.11944444444444445
6 0.965625 0.08055555555555556 0.06875 0.15
3 0.68203125 0.24444444444444444 0.0953125 0.06111111111111111
3 0.8734375 0.2513888888888889 0.2125 0.030555555555555555
3 0.503125 0.2791666666666667 0.14375 0.030555555555555555
3 0.26875 0.3125 0.175 0.03611111111111111
3 0.33203125 0.6722222222222223 0.0359375 0.08888888888888889
3 0.61015625 0.6569444444444444 0.0328125 0.06944444444444445
3 0.625 0.49027777777777776 0.078125 0.10277777777777777
3 0.76640625 0.38333333333333336 0.0671875 0.027777777777777776