6 0.3203125 0.5 0.075 0.18333333333333332
6 0.16015625 0.5111111111111111 0.0734375 0.17222222222222222
6 0.78828125 0.4638888888888889 0.1546875 0.17222222222222222
6 0.55078125 0.9125 0.0484375 0.11944444444444445
6 0.60390625 0.8777777777777778 0.0515625 0.12777777777777777
6 0.31328125 0.9416666666666667 0.0984375 0.05555555555555555
6 0.4375 0.925 0.0375 0.10555555555555556
6 0.12578125 0.9472222222222222 0.0859375 0.06666666666666667
3 0.1171875 0.6833333333333333 0.06875 0.03888888888888889
3 0.340625 0.6611111111111111 0.115625 0.022222222222222223
3 0.6734375 0.6472222222222223 0.178125 0.022222222222222223
3 0.490625 0.6625 0.103125 0.013888888888888888
3 0.65078125 0.9791666666666666 0.1046875 0.03611111111111111
3 0.62890625 0.7388888888888889 0.1171875 0.044444444444444446
6 0.9671875 0.10555555555555556 0.05625 0.16111111111111112