6 0.43125 0.4888888888888889 0.05625 0.14444444444444443
3 0.2609375 0.26944444444444443 0.0625 0.05
6 0.078125 0.5680555555555555 0.13125 0.1361111111111111
3 0.59140625 0.42777777777777776 0.0640625 0.06111111111111111
3 0.4953125 0.3736111111111111 0.065625 0.03611111111111111
6 0.31953125 0.7527777777777778 0.1234375 0.1
6 0.21015625 0.6472222222222223 0.1265625 0.10555555555555556
3 0.42265625 0.34444444444444444 0.0796875 0.05555555555555555
6 0.4140625 0.06388888888888888 0.034375 0.05555555555555555
6 0.3109375 0.14027777777777778 0.040625 0.08611111111111111
6 0.23828125 0.40694444444444444 0.0546875 0.13055555555555556
6 0.3703125 0.11666666666666667 0.015625 0.05555555555555555