3 0.321875 0.19583333333333333 0.084375 0.08611111111111111
3 0.4765625 0.19166666666666668 0.078125 0.07222222222222222
3 0.6953125 0.19583333333333333 0.16875 0.03611111111111111
3 0.77578125 0.175 0.0796875 0.07777777777777778
3 0.90078125 0.3138888888888889 0.1203125 0.06111111111111111
3 0.4375 0.48333333333333334 0.165625 0.08888888888888889
3 0.1765625 0.6958333333333333 0.059375 0.08055555555555556
3 0.47890625 0.6527777777777778 0.0421875 0.05555555555555555
3 0.49765625 0.8111111111111111 0.1203125 0.08333333333333333
3 0.678125 0.7833333333333333 0.065625 0.06666666666666667
3 0.07265625 0.8736111111111111 0.1171875 0.06944444444444445
6 0.49453125 0.04027777777777778 0.0734375 0.06388888888888888
6 0.26015625 0.09027777777777778 0.0421875 0.06944444444444445
6 0.3140625 0.07777777777777778 0.03125 0.07222222222222222
6 0.38125 0.09722222222222222 0.0375 0.06111111111111111
6 0.0421875 0.07916666666666666 0.075 0.14722222222222223
6 0.8265625 0.05138888888888889 0.0625 0.08055555555555556
6 0.29765625 0.7027777777777777 0.1109375 0.10555555555555556
6 0.41953125 0.6333333333333333 0.0546875 0.13333333333333333
6 0.5640625 0.6847222222222222 0.09375 0.06944444444444445
6 0.7875 0.6666666666666666 0.1375 0.07777777777777778
6 0.93828125 0.6361111111111111 0.0328125 0.1388888888888889
6 0.078125 0.7472222222222222 0.071875 0.1