6 0.76953125 0.37777777777777777 0.0296875 0.07222222222222222
3 0.60078125 0.2388888888888889 0.1265625 0.06111111111111111
3 0.91640625 0.23055555555555557 0.1515625 0.07222222222222222
3 0.76015625 0.23055555555555557 0.1421875 0.06666666666666667
3 0.34765625 0.18888888888888888 0.2046875 0.03888888888888889
3 0.09140625 0.14583333333333334 0.0453125 0.09722222222222222
6 0.29140625 0.31666666666666665 0.0265625 0.14444444444444443
6 0.0765625 0.30694444444444446 0.040625 0.1527777777777778
6 0.91328125 0.43472222222222223 0.1734375 0.2861111111111111
6 0.646875 0.7402777777777778 0.2 0.09722222222222222
6 0.878125 0.7472222222222222 0.24375 0.06111111111111111
6 0.15625 0.6402777777777777 0.075 0.058333333333333334