6 0.83203125 0.7083333333333334 0.1109375 0.08888888888888889
6 0.184375 0.6291666666666667 0.059375 0.05277777777777778
3 0.08515625 0.20833333333333334 0.0859375 0.03888888888888889
3 0.34375 0.2222222222222222 0.153125 0.05555555555555555
3 0.52265625 0.2388888888888889 0.1109375 0.09444444444444444
3 0.83828125 0.2625 0.2109375 0.058333333333333334
6 0.8796875 0.42916666666666664 0.23125 0.26944444444444443
6 0.70390625 0.38472222222222224 0.0234375 0.058333333333333334
6 0.28125 0.3277777777777778 0.034375 0.12777777777777777
6 0.096875 0.3194444444444444 0.046875 0.14444444444444443
6 0.56875 0.7013888888888888 0.1125 0.06944444444444445
6 0.696875 0.7138888888888889 0.171875 0.07777777777777778