3 0.7578125 0.08888888888888889 0.165625 0.07222222222222222
3 0.384375 0.05694444444444444 0.175 0.06944444444444445
3 0.571875 0.07916666666666666 0.18125 0.08055555555555556
3 0.0828125 0.04027777777777778 0.121875 0.04722222222222222
6 0.3109375 0.18333333333333332 0.025 0.16111111111111112
6 0.93203125 0.30277777777777776 0.1359375 0.28888888888888886
6 0.090625 0.1736111111111111 0.053125 0.15833333333333333
6 0.6109375 0.6069444444444444 0.1375 0.10277777777777777
6 0.765625 0.6333333333333333 0.16875 0.1
6 0.92265625 0.6347222222222222 0.1484375 0.11944444444444445
6 0.159375 0.5166666666666667 0.103125 0.07777777777777778