3 0.1875 0.4305555555555556 0.1125 0.022222222222222223
3 0.378125 0.4166666666666667 0.10625 0.03333333333333333
3 0.67578125 0.4013888888888889 0.1765625 0.025
3 0.48515625 0.4125 0.1359375 0.019444444444444445
3 0.0828125 0.5833333333333334 0.065625 0.07777777777777778
3 0.109375 0.7180555555555556 0.03125 0.041666666666666664
3 0.2765625 0.6444444444444445 0.03125 0.06111111111111111
3 0.615625 0.49722222222222223 0.08125 0.05555555555555555
3 0.528125 0.4847222222222222 0.06875 0.03611111111111111
6 0.021875 0.7111111111111111 0.034375 0.12777777777777777
6 0.16875 0.7291666666666666 0.0625 0.08611111111111111
6 0.340625 0.7125 0.08125 0.09722222222222222
6 0.5515625 0.7125 0.04375 0.11388888888888889
6 0.36328125 0.275 0.0546875 0.16666666666666666
6 0.22890625 0.2833333333333333 0.0546875 0.16666666666666666
6 0.75625 0.2569444444444444 0.14375 0.175
9 0.96953125 0.1361111111111111 0.0546875 0.26666666666666666