3 0.371875 0.25833333333333336 0.053125 0.14444444444444443
3 0.22890625 0.5569444444444445 0.1109375 0.15833333333333333
3 0.325 0.36666666666666664 0.034375 0.11666666666666667
3 0.1328125 0.6972222222222222 0.075 0.15
6 0.59140625 0.49027777777777776 0.0265625 0.20277777777777778
6 0.77265625 0.21805555555555556 0.0296875 0.058333333333333334
6 0.8015625 0.18472222222222223 0.021875 0.06944444444444445
6 0.84765625 0.225 0.0265625 0.044444444444444446
6 0.9125 0.23333333333333334 0.04375 0.05555555555555555
3 0.66953125 0.9513888888888888 0.0421875 0.09166666666666666
3 0.640625 0.7944444444444444 0.0375 0.06666666666666667
3 0.61015625 0.35 0.0203125 0.08888888888888889
3 0.740625 0.19583333333333333 0.025 0.03611111111111111