6 0.92265625 0.2847222222222222 0.1515625 0.325
6 0.31953125 0.16666666666666666 0.0234375 0.16666666666666666
3 0.3390625 0.041666666666666664 0.14375 0.06666666666666667
6 0.11015625 0.15694444444444444 0.0484375 0.16944444444444445
6 0.16953125 0.5013888888888889 0.1078125 0.06944444444444445
3 0.10078125 0.029166666666666667 0.1203125 0.03611111111111111
3 0.7203125 0.07777777777777778 0.240625 0.044444444444444446
3 0.50703125 0.05 0.1765625 0.06666666666666667
6 0.9265625 0.6111111111111112 0.14375 0.11666666666666667
6 0.77578125 0.6277777777777778 0.1578125 0.11666666666666667
6 0.60703125 0.5861111111111111 0.1578125 0.1
6 0.7859375 0.22916666666666666 0.028125 0.075