6 0.2109375 0.13333333333333333 0.184375 0.24444444444444444
6 0.42578125 0.058333333333333334 0.2359375 0.1111111111111111
6 0.66640625 0.09027777777777778 0.2359375 0.16944444444444445
6 0.97578125 0.1 0.0453125 0.16666666666666666
6 0.4265625 0.7361111111111112 0.096875 0.08888888888888889
6 0.53828125 0.6555555555555556 0.0734375 0.12222222222222222
6 0.890625 0.7013888888888888 0.1375 0.075
6 0.246875 0.7777777777777778 0.040625 0.14444444444444443
3 0.28828125 0.35138888888888886 0.1296875 0.04722222222222222
3 0.5046875 0.29444444444444445 0.134375 0.07777777777777778
3 0.6703125 0.2847222222222222 0.0875 0.06944444444444445
3 0.87890625 0.28055555555555556 0.2171875 0.03888888888888889
3 0.321875 0.7111111111111111 0.06875 0.08333333333333333
3 0.603125 0.6958333333333333 0.028125 0.058333333333333334
3 0.61953125 0.5347222222222222 0.0796875 0.09166666666666666