6 0.2390625 0.5222222222222223 0.090625 0.1
6 0.3171875 0.4305555555555556 0.071875 0.10555555555555556
6 0.46953125 0.5069444444444444 0.0640625 0.08611111111111111
6 0.64765625 0.5069444444444444 0.1046875 0.08611111111111111
6 0.76953125 0.4791666666666667 0.0296875 0.1638888888888889
6 0.91015625 0.44583333333333336 0.1046875 0.08611111111111111
6 0.0734375 0.5513888888888889 0.040625 0.10277777777777777
6 0.1140625 0.5777777777777777 0.05625 0.08888888888888889
6 0.0375 0.029166666666666667 0.065625 0.04722222222222222
3 0.53203125 0.09027777777777778 0.1796875 0.03611111111111111
3 0.80078125 0.06805555555555555 0.0984375 0.05277777777777778
3 0.91015625 0.06944444444444445 0.1171875 0.027777777777777776
3 0.36015625 0.07916666666666666 0.0578125 0.041666666666666664
3 0.25390625 0.09027777777777778 0.0578125 0.04722222222222222
3 0.13828125 0.4888888888888889 0.0546875 0.06111111111111111
3 0.38828125 0.4736111111111111 0.0328125 0.06944444444444445
3 0.37578125 0.3236111111111111 0.0671875 0.06388888888888888
3 0.91875 0.17916666666666667 0.159375 0.041666666666666664
3 0.959375 0.22916666666666666 0.075 0.041666666666666664
3 0.6828125 0.18611111111111112 0.075 0.044444444444444446