3 0.63515625 0.10138888888888889 0.1203125 0.09166666666666666
3 0.93203125 0.10138888888888889 0.1265625 0.08055555555555556
3 0.765625 0.09722222222222222 0.11875 0.08333333333333333
3 0.4890625 0.075 0.1375 0.08888888888888889
3 0.2890625 0.05138888888888889 0.090625 0.06388888888888888
3 0.12265625 0.05694444444444444 0.0578125 0.06944444444444445
6 0.55390625 0.7569444444444444 0.1796875 0.11388888888888889
6 0.30078125 0.1625 0.0390625 0.08055555555555556
6 0.76015625 0.2972222222222222 0.0484375 0.1111111111111111
6 0.91875 0.35694444444444445 0.15625 0.4083333333333333
6 0.12890625 0.22916666666666666 0.0421875 0.19722222222222222
6 0.90390625 0.7958333333333333 0.1921875 0.10833333333333334
6 0.72578125 0.7833333333333333 0.1703125 0.15555555555555556