6 0.62578125 0.13333333333333333 0.1609375 0.25
6 0.85390625 0.07361111111111111 0.2890625 0.1361111111111111
6 0.69375 0.7180555555555556 0.096875 0.125
6 0.7984375 0.6513888888888889 0.05 0.14166666666666666
6 0.9234375 0.7 0.06875 0.07222222222222222
6 0.53203125 0.7680555555555556 0.0515625 0.10277777777777777
6 0.478125 0.2569444444444444 0.1125 0.06388888888888888
3 0.49765625 0.3611111111111111 0.1640625 0.03888888888888889
3 0.68828125 0.3458333333333333 0.1203125 0.03611111111111111
3 0.87578125 0.3194444444444444 0.1265625 0.016666666666666666
3 0.6046875 0.7013888888888888 0.05625 0.08055555555555556
3 0.8953125 0.5236111111111111 0.146875 0.08055555555555556
3 0.86015625 0.6666666666666666 0.0296875 0.06111111111111111
3 0.63203125 0.46944444444444444 0.1421875 0.016666666666666666