9 0.3671875 0.09027777777777778 0.059375 0.14722222222222223
9 0.30078125 0.2638888888888889 0.0921875 0.1388888888888889
9 0.20390625 0.475 0.0765625 0.3
6 0.89140625 0.3111111111111111 0.0765625 0.16111111111111112
6 0.93125 0.4791666666666667 0.040625 0.10277777777777777
6 0.97890625 0.5694444444444444 0.0359375 0.1111111111111111
6 0.8453125 0.6013888888888889 0.09375 0.21388888888888888
6 0.77890625 0.3888888888888889 0.0859375 0.2111111111111111
6 0.6703125 0.13472222222222222 0.08125 0.15833333333333333
6 0.71640625 0.2625 0.0859375 0.18611111111111112
6 0.715625 0.06111111111111111 0.0625 0.10555555555555556
3 0.95625 0.14166666666666666 0.065625 0.08888888888888889