9 0.3140625 0.3055555555555556 0.0375 0.22777777777777777
9 0.2046875 0.5916666666666667 0.128125 0.13333333333333333
9 0.15078125 0.7277777777777777 0.0796875 0.18333333333333332
6 0.596875 0.44583333333333336 0.034375 0.19722222222222222
6 0.709375 0.16805555555555557 0.028125 0.058333333333333334
6 0.740625 0.15 0.015625 0.08333333333333333
6 0.7796875 0.16805555555555557 0.034375 0.05277777777777778
6 0.84140625 0.16944444444444445 0.0453125 0.044444444444444446
6 0.93203125 0.15 0.0359375 0.05555555555555555
3 0.6765625 0.14722222222222223 0.015625 0.03333333333333333
3 0.58203125 0.17777777777777778 0.0328125 0.08333333333333333
3 0.9640625 0.0625 0.0375 0.041666666666666664