3 0.62890625 0.2388888888888889 0.1265625 0.09444444444444444
6 0.1828125 0.32916666666666666 0.0375 0.16944444444444445
6 0.88515625 0.4736111111111111 0.2234375 0.3472222222222222
6 0.70078125 0.40555555555555556 0.0265625 0.08333333333333333
6 0.18515625 0.027777777777777776 0.0546875 0.05
6 0.14453125 0.06944444444444445 0.0265625 0.03333333333333333
6 0.23515625 0.02361111111111111 0.0203125 0.030555555555555555
6 0.5015625 0.7527777777777778 0.13125 0.08333333333333333
6 0.64765625 0.8069444444444445 0.1546875 0.10833333333333334
6 0.78203125 0.8013888888888889 0.1078125 0.11388888888888889
6 0.91953125 0.8111111111111111 0.1578125 0.1111111111111111
6 0.0578125 0.6638888888888889 0.09375 0.08888888888888889
3 0.9046875 0.23333333333333334 0.18125 0.09444444444444444
3 0.76015625 0.24583333333333332 0.1046875 0.075
3 0.47265625 0.21805555555555556 0.1203125 0.08611111111111111
3 0.290625 0.19583333333333333 0.1125 0.08611111111111111