3 0.659375 0.5791666666666667 0.08125 0.019444444444444445
3 0.815625 0.5555555555555556 0.084375 0.016666666666666666
3 0.95 0.525 0.04375 0.03333333333333333
3 0.60390625 0.8069444444444445 0.0546875 0.04722222222222222
3 0.8171875 0.7791666666666667 0.025 0.03611111111111111
3 0.85703125 0.6736111111111112 0.0453125 0.04722222222222222
6 0.62578125 0.4013888888888889 0.1171875 0.15833333333333333
6 0.7828125 0.35833333333333334 0.190625 0.09444444444444444
6 0.93828125 0.3625 0.1171875 0.13055555555555556
6 0.67890625 0.8180555555555555 0.0734375 0.06944444444444445
6 0.76875 0.7777777777777778 0.034375 0.08888888888888889
6 0.8796875 0.7958333333333333 0.05625 0.05277777777777778
6 0.54453125 0.8666666666666667 0.0515625 0.08333333333333333