6 0.4046875 0.12916666666666668 0.09375 0.23055555555555557
6 0.22578125 0.14583333333333334 0.0890625 0.23055555555555557
6 0.909375 0.10555555555555556 0.16875 0.2
6 0.16953125 0.7277777777777777 0.0890625 0.07222222222222222
6 0.365625 0.7055555555555556 0.1125 0.1
6 0.62578125 0.7013888888888888 0.0484375 0.1361111111111111
6 0.50703125 0.7055555555555556 0.0421875 0.14444444444444443
6 0.68828125 0.65 0.0546875 0.15555555555555556
3 0.17890625 0.35138888888888886 0.1421875 0.030555555555555555
3 0.5046875 0.31805555555555554 0.28125 0.025
3 0.81640625 0.3013888888888889 0.2359375 0.030555555555555555
3 0.734375 0.43333333333333335 0.140625 0.07222222222222222
3 0.084375 0.7125 0.034375 0.041666666666666664
3 0.15078125 0.8458333333333333 0.1546875 0.075
3 0.72890625 0.7944444444444444 0.1203125 0.07777777777777778
3 0.34453125 0.43472222222222223 0.1015625 0.03611111111111111
3 0.58125 0.4111111111111111 0.1375 0.044444444444444446