9 0.38828125 0.25 0.0484375 0.17777777777777778
9 0.35078125 0.32916666666666666 0.0765625 0.1638888888888889
9 0.2515625 0.5291666666666667 0.09375 0.14722222222222223
9 0.184375 0.6555555555555556 0.065625 0.12222222222222222
6 0.6203125 0.45 0.028125 0.19444444444444445
6 0.7859375 0.2 0.034375 0.06111111111111111
6 0.82578125 0.19027777777777777 0.0234375 0.058333333333333334
6 0.8625 0.2125 0.03125 0.04722222222222222
6 0.93203125 0.21666666666666667 0.0484375 0.05555555555555555
6 0.728125 0.20833333333333334 0.025 0.06111111111111111
3 0.63203125 0.2013888888888889 0.0265625 0.08611111111111111
3 0.7515625 0.1736111111111111 0.021875 0.030555555555555555