6 0.0171875 0.06111111111111111 0.034375 0.11666666666666667
6 0.57890625 0.04583333333333333 0.0390625 0.08611111111111111
6 0.7078125 0.041666666666666664 0.065625 0.07777777777777778
6 0.2125 0.5791666666666667 0.090625 0.09722222222222222
6 0.2796875 0.4888888888888889 0.09375 0.1111111111111111
6 0.42890625 0.5583333333333333 0.0703125 0.07222222222222222
6 0.60390625 0.5388888888888889 0.1109375 0.07222222222222222
6 0.72578125 0.5194444444444445 0.0390625 0.15555555555555556
6 0.871875 0.5055555555555555 0.103125 0.07777777777777778
6 0.065625 0.6111111111111112 0.0625 0.08333333333333333
3 0.47890625 0.1527777777777778 0.1609375 0.03333333333333333
3 0.753125 0.14583333333333334 0.1125 0.041666666666666664
3 0.87890625 0.24583333333333332 0.1453125 0.041666666666666664
3 0.321875 0.38333333333333336 0.128125 0.05555555555555555
3 0.3546875 0.5347222222222222 0.040625 0.058333333333333334
3 0.103125 0.5444444444444444 0.059375 0.07222222222222222
3 0.9390625 0.3013888888888889 0.1 0.06388888888888888
3 0.3171875 0.1527777777777778 0.05625 0.06111111111111111
3 0.21015625 0.1625 0.0390625 0.04722222222222222