3 0.34453125 0.3055555555555556 0.0703125 0.18333333333333332
3 0.26953125 0.4625 0.0796875 0.18055555555555555
3 0.1171875 0.7291666666666666 0.134375 0.20277777777777778
6 0.64453125 0.7458333333333333 0.0453125 0.21388888888888888
6 0.840625 0.26805555555555555 0.034375 0.06944444444444445
6 0.88515625 0.24583333333333332 0.0203125 0.09722222222222222
6 0.934375 0.2902777777777778 0.034375 0.058333333333333334
6 0.77265625 0.2847222222222222 0.0328125 0.05277777777777778
6 0.82890625 0.029166666666666667 0.0859375 0.04722222222222222
3 0.66015625 0.325 0.0421875 0.17222222222222222
3 0.67578125 0.5291666666666667 0.0515625 0.19166666666666668