6 0.5859375 0.6902777777777778 0.134375 0.09166666666666666
3 0.3453125 0.12222222222222222 0.19375 0.06111111111111111
3 0.571875 0.14722222222222223 0.134375 0.09444444444444444
3 0.7625 0.14583333333333334 0.1875 0.075
6 0.1234375 0.5861111111111111 0.10625 0.08888888888888889
6 0.90390625 0.6944444444444444 0.1921875 0.12222222222222222
6 0.73203125 0.7069444444444445 0.1796875 0.08611111111111111
6 0.05390625 0.24583333333333332 0.0484375 0.1527777777777778
6 0.26875 0.25 0.025 0.15555555555555556
6 0.76015625 0.31666666666666665 0.0265625 0.08333333333333333
6 0.9109375 0.3611111111111111 0.175 0.32222222222222224