3 0.521875 0.2638888888888889 0.20625 0.03888888888888889
3 0.884375 0.23055555555555557 0.175 0.05
3 0.29765625 0.2638888888888889 0.0890625 0.05555555555555555
3 0.35703125 0.7 0.0421875 0.06111111111111111
3 0.41015625 0.8527777777777777 0.1734375 0.044444444444444446
3 0.91015625 0.7972222222222223 0.1203125 0.06111111111111111
3 0.32890625 0.5291666666666667 0.0953125 0.09722222222222222
3 0.13203125 0.2791666666666667 0.0765625 0.075
6 0.3015625 0.07916666666666666 0.0875 0.14166666666666666
6 0.66015625 0.08055555555555556 0.1015625 0.14444444444444443
6 0.828125 0.07777777777777778 0.121875 0.1388888888888889
6 0.08828125 0.034722222222222224 0.1671875 0.05277777777777778
6 0.17265625 0.7513888888888889 0.1296875 0.11944444444444445
6 0.2765625 0.6638888888888889 0.084375 0.12777777777777777
6 0.45703125 0.7236111111111111 0.0734375 0.075
6 0.6703125 0.6958333333333333 0.1375 0.09166666666666666
6 0.809375 0.6805555555555556 0.040625 0.15555555555555556
6 0.93515625 0.7069444444444445 0.0359375 0.11944444444444445