9 0.425 0.21805555555555556 0.065625 0.125
9 0.309375 0.6347222222222222 0.103125 0.15833333333333333
9 0.2625 0.7680555555555556 0.1125 0.11944444444444445
3 0.61328125 0.24444444444444444 0.0265625 0.1111111111111111
3 0.61953125 0.3972222222222222 0.0296875 0.12222222222222222
3 0.82265625 0.8347222222222223 0.0234375 0.06944444444444445
6 0.78203125 0.058333333333333334 0.0578125 0.08888888888888889
6 0.96328125 0.38055555555555554 0.0671875 0.07222222222222222
6 0.97890625 0.6666666666666666 0.0390625 0.07222222222222222
6 0.89140625 0.6888888888888889 0.0484375 0.06111111111111111
6 0.63203125 0.7388888888888889 0.0265625 0.21666666666666667