9 0.146875 0.2833333333333333 0.09375 0.22777777777777777
9 0.234375 0.15 0.10625 0.2388888888888889
9 0.0890625 0.7833333333333333 0.065625 0.1388888888888889
6 0.93828125 0.3736111111111111 0.1234375 0.14722222222222223
6 0.87265625 0.8180555555555555 0.0390625 0.09166666666666666
6 0.98125 0.7402777777777778 0.03125 0.03611111111111111
6 0.62578125 0.09583333333333334 0.0671875 0.1527777777777778
6 0.696875 0.3402777777777778 0.071875 0.09166666666666666
3 0.93203125 0.5333333333333333 0.0984375 0.03333333333333333
3 0.946875 0.9611111111111111 0.05625 0.05555555555555555
3 0.59765625 0.8694444444444445 0.1046875 0.24444444444444444