6 0.3578125 0.10138888888888889 0.075 0.18055555555555555
6 0.53125 0.09027777777777778 0.075 0.1638888888888889
6 0.05703125 0.09583333333333334 0.1078125 0.16944444444444445
6 0.03828125 0.6680555555555555 0.0640625 0.19166666666666668
6 0.259375 0.6902777777777778 0.084375 0.10277777777777777
6 0.46953125 0.6736111111111112 0.1015625 0.10277777777777777
6 0.60390625 0.6388888888888888 0.0546875 0.17777777777777778
6 0.71015625 0.6569444444444444 0.0515625 0.1527777777777778
3 0.24140625 0.28055555555555556 0.2078125 0.03333333333333333
3 0.5734375 0.25277777777777777 0.159375 0.05
3 0.91015625 0.23472222222222222 0.1671875 0.03611111111111111
3 0.71875 0.24583333333333332 0.1125 0.025
3 0.26328125 0.8111111111111111 0.1421875 0.05555555555555555
3 0.82265625 0.7569444444444444 0.1546875 0.06944444444444445
3 0.7953125 0.38472222222222224 0.140625 0.075
3 0.1265625 0.5194444444444445 0.1 0.08333333333333333
3 0.17265625 0.6736111111111112 0.0421875 0.05277777777777778