3 0.26640625 0.44583333333333336 0.1984375 0.05277777777777778
6 0.1953125 0.5666666666666667 0.05625 0.16111111111111112
6 0.89375 0.7236111111111111 0.203125 0.28055555555555556
6 0.084375 0.19444444444444445 0.053125 0.08888888888888889
6 0.14765625 0.18611111111111112 0.0234375 0.09444444444444444
6 0.19765625 0.11805555555555555 0.0265625 0.11388888888888889
6 0.2546875 0.04722222222222222 0.015625 0.08888888888888889
6 0.34375 0.5347222222222222 0.03125 0.06388888888888888
6 0.71875 0.6638888888888889 0.028125 0.07777777777777778
6 0.521875 0.9555555555555556 0.19375 0.07222222222222222
6 0.084375 0.875 0.15 0.1
3 0.903125 0.5277777777777778 0.190625 0.07222222222222222
3 0.684375 0.5236111111111111 0.1875 0.041666666666666664