6 0.61640625 0.38055555555555554 0.0984375 0.08333333333333333
6 0.6828125 0.26944444444444443 0.103125 0.13333333333333333
6 0.79375 0.23055555555555557 0.1125 0.12222222222222222
6 0.90703125 0.22916666666666666 0.1015625 0.125
6 0.521875 0.4083333333333333 0.075 0.05555555555555555
6 0.734375 0.8083333333333333 0.1 0.06666666666666667
6 0.81953125 0.7333333333333333 0.0765625 0.07222222222222222
6 0.95625 0.7888888888888889 0.040625 0.06111111111111111
6 0.56640625 0.8791666666666667 0.0390625 0.075
6 0.3515625 0.8902777777777777 0.075 0.04722222222222222
3 0.61328125 0.5083333333333333 0.0734375 0.03888888888888889
3 0.7296875 0.5055555555555555 0.103125 0.027777777777777776
3 0.9640625 0.44722222222222224 0.05 0.05555555555555555
3 0.90703125 0.6305555555555555 0.1203125 0.044444444444444446
3 0.88515625 0.7666666666666667 0.0234375 0.03333333333333333
3 0.64140625 0.7972222222222223 0.0546875 0.044444444444444446
3 0.4421875 0.6388888888888888 0.034375 0.016666666666666666