9 0.45078125 0.08472222222222223 0.0546875 0.10277777777777777
9 0.34140625 0.4125 0.1046875 0.20277777777777778
9 0.25390625 0.65 0.0921875 0.24444444444444444
3 0.6796875 0.4083333333333333 0.0375 0.18888888888888888
3 0.7046875 0.5958333333333333 0.053125 0.15833333333333333
3 0.5984375 0.1625 0.015625 0.10277777777777777
6 0.875 0.11944444444444445 0.0625 0.08333333333333333
6 0.953125 0.09583333333333334 0.090625 0.05277777777777778
6 0.8828125 0.37777777777777777 0.040625 0.06111111111111111
6 0.92890625 0.35555555555555557 0.0234375 0.07777777777777778
6 0.9796875 0.4013888888888889 0.034375 0.030555555555555555
6 0.8015625 0.3888888888888889 0.034375 0.05