3 0.15 0.37916666666666665 0.109375 0.04722222222222222
3 0.44140625 0.3611111111111111 0.1953125 0.03333333333333333
3 0.82890625 0.3388888888888889 0.2328125 0.027777777777777776
3 0.61015625 0.3472222222222222 0.1296875 0.027777777777777776
3 0.7046875 0.4736111111111111 0.121875 0.06388888888888888
3 0.75078125 0.8347222222222223 0.0984375 0.06944444444444445
3 0.1203125 0.8722222222222222 0.134375 0.06666666666666667
3 0.26875 0.8638888888888889 0.14375 0.06111111111111111
3 0.3453125 0.4722222222222222 0.090625 0.044444444444444446
6 0.365625 0.7444444444444445 0.1 0.11666666666666667
6 0.51015625 0.7416666666666667 0.0421875 0.1388888888888889
6 0.628125 0.7277777777777777 0.05625 0.15555555555555556
6 0.159375 0.7625 0.1 0.10277777777777777
6 0.0203125 0.7347222222222223 0.034375 0.14166666666666666
6 0.4046875 0.15694444444444444 0.1 0.24722222222222223
6 0.21953125 0.16805555555555557 0.0953125 0.25277777777777777
6 0.921875 0.12916666666666668 0.14375 0.24166666666666667