3 0.54140625 0.12916666666666668 0.0671875 0.06944444444444445
3 0.6859375 0.11388888888888889 0.08125 0.05555555555555555
3 0.90703125 0.1111111111111111 0.1734375 0.03333333333333333
3 0.29140625 0.18055555555555555 0.1453125 0.03888888888888889
3 0.18828125 0.7902777777777777 0.0984375 0.075
3 0.32578125 0.5972222222222222 0.0640625 0.08333333333333333
3 0.6109375 0.5791666666666667 0.0375 0.06388888888888888
3 0.64140625 0.7388888888888889 0.1390625 0.06111111111111111
3 0.78515625 0.6194444444444445 0.0421875 0.05555555555555555
3 0.7859375 0.7027777777777777 0.078125 0.07222222222222222
3 0.62578125 0.40555555555555556 0.0828125 0.08333333333333333
6 0.19765625 0.04722222222222222 0.2171875 0.08333333333333333
6 0.4484375 0.6166666666666667 0.103125 0.10555555555555556
6 0.24453125 0.6902777777777778 0.0859375 0.09722222222222222
6 0.540625 0.5444444444444444 0.065625 0.12777777777777777
6 0.69765625 0.6069444444444444 0.0671875 0.09166666666666666
6 0.9078125 0.5847222222222223 0.103125 0.09166666666666666