3 0.8140625 0.14444444444444443 0.034375 0.07777777777777778
3 0.55390625 0.3638888888888889 0.0265625 0.06111111111111111
3 0.5125 0.5069444444444444 0.040625 0.08055555555555556
3 0.56328125 0.6569444444444444 0.0390625 0.08611111111111111
3 0.6171875 0.7069444444444445 0.034375 0.06388888888888888
3 0.859375 0.4222222222222222 0.040625 0.07777777777777778
3 0.96875 0.6736111111111112 0.04375 0.09722222222222222
3 0.9421875 0.36944444444444446 0.034375 0.07777777777777778
3 0.79453125 0.25277777777777777 0.0265625 0.06111111111111111
3 0.02578125 0.3013888888888889 0.0390625 0.08611111111111111
3 0.49140625 0.35 0.0265625 0.06111111111111111