6 0.85 0.2111111111111111 0.03125 0.06111111111111111
6 0.9109375 0.18888888888888888 0.04375 0.06666666666666667
6 0.51015625 0.17777777777777778 0.0421875 0.12777777777777777
6 0.6984375 0.4236111111111111 0.0625 0.125
6 0.871875 0.6791666666666667 0.103125 0.10833333333333334
9 0.0640625 0.6638888888888889 0.11875 0.32222222222222224
9 0.0796875 0.1125 0.0875 0.20277777777777778
3 0.4 0.15833333333333333 0.046875 0.09444444444444444
3 0.76640625 0.29444444444444445 0.0578125 0.08333333333333333
3 0.9390625 0.5194444444444445 0.065625 0.11666666666666667
6 0.49453125 0.3958333333333333 0.0609375 0.1527777777777778
6 0.5703125 0.5527777777777778 0.0875 0.16666666666666666
6 0.6625 0.7458333333333333 0.13125 0.19722222222222222
6 0.80078125 0.19027777777777777 0.0359375 0.075