6 0.2359375 0.6625 0.078125 0.10277777777777777
6 0.42890625 0.6638888888888889 0.0265625 0.10555555555555556
6 0.3421875 0.6958333333333333 0.034375 0.04722222222222222
6 0.0796875 0.6777777777777778 0.075 0.06666666666666667
3 0.06640625 0.39444444444444443 0.1109375 0.027777777777777776
3 0.21640625 0.3902777777777778 0.1140625 0.019444444444444445
3 0.34140625 0.38472222222222224 0.0859375 0.025
3 0.50078125 0.37222222222222223 0.1390625 0.022222222222222223
9 0.91640625 0.10694444444444444 0.1640625 0.19722222222222222
6 0.56015625 0.25277777777777777 0.0890625 0.1111111111111111
6 0.221875 0.2611111111111111 0.0625 0.14444444444444443