6 0.159375 0.029166666666666667 0.153125 0.03611111111111111
6 0.321875 0.05694444444444444 0.03125 0.10277777777777777
6 0.03515625 0.09027777777777778 0.0578125 0.1527777777777778
6 0.56640625 0.06805555555555555 0.0453125 0.125
6 0.69453125 0.06111111111111111 0.0734375 0.11666666666666667
6 0.821875 0.1 0.040625 0.03333333333333333
6 0.5984375 0.5680555555555555 0.109375 0.06944444444444445
6 0.42578125 0.5680555555555555 0.0703125 0.09166666666666666
6 0.26640625 0.5347222222222222 0.1015625 0.075
6 0.21015625 0.6013888888888889 0.0796875 0.075
6 0.03828125 0.6291666666666667 0.0546875 0.08611111111111111
6 0.85703125 0.5291666666666667 0.1109375 0.08055555555555556
6 0.71640625 0.5527777777777778 0.0328125 0.14444444444444443
3 0.4609375 0.19027777777777777 0.16875 0.058333333333333334
3 0.30625 0.19583333333333333 0.05 0.03611111111111111
3 0.7375 0.18472222222222223 0.1125 0.041666666666666664
3 0.94140625 0.3 0.1046875 0.05555555555555555
3 0.82265625 0.2791666666666667 0.1265625 0.041666666666666664
3 0.096875 0.5680555555555555 0.04375 0.06388888888888888
3 0.346875 0.5555555555555556 0.028125 0.05555555555555555
3 0.33203125 0.4111111111111111 0.0578125 0.07777777777777778
3 0.62265625 0.2902777777777778 0.0765625 0.041666666666666664
3 0.1921875 0.20277777777777778 0.065625 0.06111111111111111