6 0.21015625 0.5305555555555556 0.1203125 0.17222222222222222
6 0.3796875 0.5666666666666667 0.071875 0.08333333333333333
6 0.55703125 0.5583333333333333 0.1140625 0.07222222222222222
6 0.6796875 0.5444444444444444 0.0375 0.13333333333333333
6 0.82265625 0.5166666666666667 0.0984375 0.08333333333333333
6 0.0328125 0.6513888888888889 0.053125 0.09166666666666666
6 0.26015625 0.04583333333333333 0.0421875 0.08611111111111111
6 0.509375 0.05694444444444444 0.040625 0.10277777777777777
6 0.640625 0.05138888888888889 0.075 0.09722222222222222
6 0.77265625 0.09027777777777778 0.0390625 0.025
3 0.4046875 0.16944444444444445 0.184375 0.06111111111111111
3 0.24765625 0.17916666666666667 0.0734375 0.05277777777777778
3 0.70390625 0.1625 0.1203125 0.041666666666666664
3 0.8703125 0.2833333333333333 0.1 0.07777777777777778
3 0.05078125 0.5666666666666667 0.0515625 0.06666666666666667
3 0.3046875 0.5527777777777778 0.03125 0.06111111111111111
3 0.46953125 0.6291666666666667 0.0390625 0.125
3 0.3484375 0.6888888888888889 0.125 0.05
3 0.9453125 0.15138888888888888 0.065625 0.03611111111111111