6 0.33203125 0.5625 0.1390625 0.1527777777777778
6 0.50078125 0.5902777777777778 0.0703125 0.08055555555555556
6 0.6609375 0.5513888888888889 0.121875 0.11944444444444445
6 0.76328125 0.5444444444444444 0.0390625 0.14444444444444443
6 0.89140625 0.5361111111111111 0.1171875 0.08888888888888889
6 0.16015625 0.6236111111111111 0.0515625 0.09722222222222222
6 0.11640625 0.12361111111111112 0.1203125 0.19166666666666668
6 0.2375 0.07222222222222222 0.16875 0.1111111111111111
6 0.40078125 0.09027777777777778 0.1640625 0.14722222222222223
6 0.7125 0.08611111111111111 0.165625 0.16111111111111112
3 0.309375 0.24444444444444444 0.1 0.044444444444444446
3 0.428125 0.23472222222222222 0.05625 0.04722222222222222
3 0.57890625 0.22916666666666666 0.1140625 0.030555555555555555
3 0.803125 0.22361111111111112 0.1 0.03611111111111111
3 0.92265625 0.21666666666666667 0.0796875 0.03333333333333333
3 0.9484375 0.3458333333333333 0.071875 0.041666666666666664
3 0.43515625 0.5569444444444445 0.0140625 0.06388888888888888
3 0.209375 0.5680555555555555 0.046875 0.06944444444444445
3 0.43125 0.4166666666666667 0.053125 0.06111111111111111