3 0.08515625 0.19027777777777777 0.1015625 0.04722222222222222
6 0.1875 0.6458333333333334 0.075 0.075
6 0.909375 0.7347222222222223 0.1625 0.06944444444444445
6 0.74375 0.7444444444444445 0.165625 0.07777777777777778
6 0.571875 0.7138888888888889 0.171875 0.07777777777777778
6 0.73515625 0.3888888888888889 0.0234375 0.06666666666666667
6 0.896875 0.4513888888888889 0.203125 0.2861111111111111
6 0.0890625 0.3236111111111111 0.0375 0.14722222222222223
6 0.2890625 0.3236111111111111 0.028125 0.14722222222222223
3 0.9109375 0.25 0.153125 0.05555555555555555
3 0.7078125 0.2513888888888889 0.14375 0.06388888888888888
3 0.55078125 0.24722222222222223 0.1046875 0.07777777777777778
3 0.35 0.21805555555555556 0.1625 0.075