6 0.82890625 0.18055555555555555 0.1296875 0.16111111111111112
6 0.94765625 0.14722222222222223 0.1046875 0.10555555555555556
6 0.85625 0.6138888888888889 0.065625 0.08333333333333333
6 0.92890625 0.5625 0.0453125 0.10833333333333334
6 0.72578125 0.6625 0.0484375 0.08611111111111111
6 0.559375 0.6902777777777778 0.0625 0.058333333333333334
3 0.7671875 0.33611111111111114 0.125 0.03333333333333333
3 0.90703125 0.3333333333333333 0.0578125 0.027777777777777776
3 0.78125 0.6 0.040625 0.07222222222222222
3 0.9625 0.4625 0.0625 0.06388888888888888
3 0.54140625 0.36666666666666664 0.0578125 0.03888888888888889
9 0.04765625 0.6513888888888889 0.0890625 0.2361111111111111
9 0.17890625 0.13333333333333333 0.1140625 0.20555555555555555