6 0.4625 0.14166666666666666 0.06875 0.22777777777777777
6 0.2890625 0.1527777777777778 0.08125 0.2388888888888889
6 0.9296875 0.12361111111111112 0.13125 0.225
6 0.66328125 0.7013888888888888 0.0359375 0.1527777777777778
6 0.5453125 0.7 0.046875 0.13333333333333333
6 0.4171875 0.7111111111111111 0.103125 0.12222222222222222
6 0.21640625 0.7458333333333333 0.0890625 0.08055555555555556
6 0.05078125 0.6791666666666667 0.0890625 0.13055555555555556
3 0.21953125 0.35555555555555557 0.1890625 0.03333333333333333
3 0.52265625 0.3333333333333333 0.1484375 0.03333333333333333
3 0.64765625 0.3347222222222222 0.0921875 0.030555555555555555
3 0.86953125 0.31666666666666665 0.2203125 0.03333333333333333
3 0.19375 0.85 0.134375 0.044444444444444446
3 0.13515625 0.7236111111111111 0.0359375 0.05277777777777778
3 0.78515625 0.8 0.1078125 0.07777777777777778
3 0.7421875 0.4388888888888889 0.15 0.08333333333333333