6 0.41328125 0.4791666666666667 0.0921875 0.11388888888888889
6 0.05703125 0.43333333333333335 0.1046875 0.11666666666666667
6 0.234375 0.5013888888888889 0.071875 0.10277777777777777
6 0.69140625 0.43472222222222223 0.0734375 0.10833333333333334
6 0.6359375 0.5013888888888889 0.028125 0.1527777777777778
3 0.49765625 0.07361111111111111 0.1234375 0.041666666666666664
3 0.24140625 0.09027777777777778 0.1796875 0.041666666666666664
3 0.81015625 0.0625 0.1859375 0.03611111111111111
3 0.73515625 0.21388888888888888 0.0984375 0.06666666666666667
3 0.6109375 0.17916666666666667 0.125 0.04722222222222222
3 0.11328125 0.3194444444444444 0.0953125 0.08333333333333333
3 0.15 0.48333333333333334 0.03125 0.07222222222222222
3 0.7546875 0.2902777777777778 0.125 0.06388888888888888