9 0.0734375 0.6402777777777777 0.14375 0.4083333333333333
9 0.2875 0.08888888888888889 0.06875 0.14444444444444443
6 0.8609375 0.38472222222222224 0.05625 0.09166666666666666
6 0.91875 0.3194444444444444 0.05 0.08333333333333333
6 0.9765625 0.3958333333333333 0.028125 0.06944444444444445
6 0.76640625 0.425 0.0421875 0.07777777777777778
6 0.84765625 0.041666666666666664 0.0828125 0.07777777777777778
3 0.8140625 0.125 0.09375 0.03888888888888889
3 0.92890625 0.11805555555555555 0.1203125 0.030555555555555555
3 0.61328125 0.46944444444444444 0.0921875 0.11666666666666667
3 0.65703125 0.8402777777777778 0.0796875 0.26944444444444443