6 0.58515625 0.6138888888888889 0.0640625 0.10555555555555556
6 0.740625 0.5847222222222223 0.08125 0.10277777777777777
6 0.815625 0.49166666666666664 0.06875 0.1
6 0.93203125 0.5791666666666667 0.0578125 0.06388888888888888
6 0.690625 0.08888888888888889 0.14375 0.15555555555555556
6 0.88203125 0.034722222222222224 0.2359375 0.06388888888888888
6 0.33515625 0.1125 0.0609375 0.14722222222222223
6 0.415625 0.6527777777777778 0.071875 0.06111111111111111
3 0.66328125 0.5625 0.0515625 0.075
3 0.7453125 0.24166666666666667 0.075 0.03888888888888889
3 0.92890625 0.20277777777777778 0.0484375 0.05
3 0.871875 0.5444444444444444 0.01875 0.06111111111111111
3 0.9265625 0.3972222222222222 0.04375 0.07222222222222222
3 0.64375 0.24583333333333332 0.0625 0.05277777777777778
3 0.5765625 0.4513888888888889 0.028125 0.03611111111111111
9 0.0265625 0.15694444444444444 0.04375 0.20833333333333334
9 0.1234375 0.15 0.053125 0.17222222222222222