3 0.1109375 0.4638888888888889 0.109375 0.03333333333333333
3 0.375 0.44722222222222224 0.1375 0.027777777777777776
3 0.75703125 0.42916666666666664 0.2015625 0.030555555555555555
3 0.678125 0.5444444444444444 0.103125 0.07777777777777778
3 0.0921875 0.9291666666666667 0.128125 0.058333333333333334
3 0.70703125 0.8791666666666667 0.1515625 0.06944444444444445
3 0.0453125 0.8027777777777778 0.034375 0.044444444444444446
6 0.3484375 0.2513888888888889 0.08125 0.23055555555555557
6 0.184375 0.26805555555555555 0.125 0.225
6 0.89140625 0.21805555555555556 0.1921875 0.21388888888888888
6 0.58515625 0.7861111111111111 0.0484375 0.11666666666666667
6 0.46640625 0.7902777777777777 0.0484375 0.125
6 0.3296875 0.8013888888888889 0.103125 0.10277777777777777
6 0.1234375 0.8125 0.09375 0.10833333333333334