6 0.16875 0.058333333333333334 0.146875 0.1111111111111111
6 0.41015625 0.05138888888888889 0.1140625 0.08055555555555556
6 0.540625 0.025 0.028125 0.044444444444444446
6 0.7859375 0.04027777777777778 0.040625 0.06388888888888888
6 0.9078125 0.03333333333333333 0.071875 0.05555555555555555
6 0.36328125 0.5569444444444445 0.0890625 0.09166666666666666
6 0.44765625 0.46111111111111114 0.0609375 0.1
6 0.58203125 0.5527777777777778 0.0734375 0.06111111111111111
6 0.7328125 0.5402777777777777 0.08125 0.08611111111111111
6 0.79140625 0.5 0.0484375 0.1
6 0.87578125 0.525 0.0265625 0.11666666666666667
6 0.97265625 0.5291666666666667 0.0265625 0.11388888888888889
6 0.20078125 0.5944444444444444 0.0578125 0.08333333333333333
6 0.0234375 0.6333333333333333 0.03125 0.06666666666666667
3 0.73515625 0.12361111111111112 0.0578125 0.06388888888888888
3 0.92265625 0.12361111111111112 0.1203125 0.030555555555555555
3 0.38125 0.16111111111111112 0.121875 0.022222222222222223
3 0.20390625 0.18333333333333332 0.1046875 0.027777777777777776
3 0.259375 0.5333333333333333 0.0625 0.07222222222222222
3 0.51015625 0.5138888888888888 0.0390625 0.06111111111111111
3 0.653125 0.6458333333333334 0.1 0.04722222222222222
3 0.5296875 0.6680555555555555 0.1 0.05277777777777778
3 0.159375 0.7027777777777777 0.078125 0.06111111111111111
3 0.825 0.23333333333333334 0.0875 0.044444444444444446
3 0.62265625 0.26805555555555555 0.0546875 0.030555555555555555
3 0.5234375 0.3680555555555556 0.04375 0.075