3 0.14453125 0.3861111111111111 0.0734375 0.1388888888888889
3 0.16328125 0.26805555555555555 0.0546875 0.04722222222222222
3 0.22890625 0.12916666666666668 0.0515625 0.03611111111111111
3 0.5296875 0.3125 0.021875 0.11944444444444445
3 0.57265625 0.8972222222222223 0.0546875 0.2
3 0.73203125 0.9611111111111111 0.1265625 0.05555555555555555
3 0.31015625 0.11805555555555555 0.0296875 0.075
10 0.9375 0.6611111111111111 0.11875 0.09444444444444444
10 0.7703125 0.2833333333333333 0.065625 0.1111111111111111
10 0.590625 0.4013888888888889 0.0625 0.13055555555555556
10 0.64140625 0.7013888888888888 0.0640625 0.14722222222222223
10 0.3921875 0.17916666666666667 0.04375 0.18611111111111112