6 0.5875 0.6125 0.046875 0.075
6 0.73125 0.5888888888888889 0.05 0.07222222222222222
6 0.85 0.5444444444444444 0.065625 0.07222222222222222
6 0.9140625 0.4777777777777778 0.06875 0.08333333333333333
6 0.828125 0.1388888888888889 0.1 0.1388888888888889
6 0.93203125 0.09027777777777778 0.1234375 0.08611111111111111
6 0.6 0.20833333333333334 0.065625 0.07222222222222222
3 0.76640625 0.27361111111111114 0.1046875 0.030555555555555555
3 0.8265625 0.2625 0.025 0.05277777777777778
3 0.9 0.26666666666666666 0.05625 0.022222222222222223
3 0.96953125 0.25 0.0171875 0.03888888888888889
3 0.78203125 0.5277777777777778 0.0421875 0.05555555555555555
3 0.95703125 0.4013888888888889 0.0671875 0.041666666666666664
9 0.0625 0.6458333333333334 0.0875 0.225
9 0.19765625 0.10555555555555556 0.1078125 0.20555555555555555