6 0.12265625 0.48333333333333334 0.1046875 0.19444444444444445
6 0.28828125 0.5458333333333333 0.0796875 0.06388888888888888
6 0.459375 0.5194444444444445 0.08125 0.09444444444444444
6 0.59375 0.5069444444444444 0.034375 0.1638888888888889
6 0.73515625 0.5069444444444444 0.0984375 0.1527777777777778
3 0.11328125 0.1111111111111111 0.0546875 0.05555555555555555
3 0.3 0.10277777777777777 0.11875 0.05555555555555555
3 0.55703125 0.09583333333333334 0.1046875 0.041666666666666664
3 0.89140625 0.08611111111111111 0.1765625 0.03333333333333333
3 0.81328125 0.24027777777777778 0.0828125 0.075
3 0.21015625 0.5069444444444444 0.0484375 0.06944444444444445
3 0.17265625 0.3458333333333333 0.0765625 0.06944444444444445
3 0.47265625 0.21805555555555556 0.0890625 0.04722222222222222
3 0.68828125 0.20277777777777778 0.1328125 0.03888888888888889