6 0.08125 0.41805555555555557 0.10625 0.11388888888888889
6 0.2546875 0.4861111111111111 0.0625 0.07777777777777778
6 0.42578125 0.46805555555555556 0.1015625 0.10833333333333334
6 0.5453125 0.4625 0.034375 0.1638888888888889
6 0.68515625 0.44027777777777777 0.1015625 0.09722222222222222
3 0.50078125 0.0625 0.1140625 0.04722222222222222
3 0.80625 0.04583333333333333 0.165625 0.03611111111111111
3 0.609375 0.06805555555555555 0.13125 0.025
3 0.27265625 0.08055555555555556 0.1515625 0.03333333333333333
3 0.178125 0.4583333333333333 0.028125 0.07222222222222222
3 0.07890625 0.07361111111111111 0.0546875 0.041666666666666664
3 0.71015625 0.19444444444444445 0.0921875 0.07222222222222222
3 0.61640625 0.16944444444444445 0.0828125 0.05