6 0.2296875 0.09583333333333334 0.25625 0.16944444444444445
6 0.64765625 0.05138888888888889 0.0890625 0.09166666666666666
6 0.95390625 0.0625 0.0796875 0.10277777777777777
6 0.42578125 0.6625 0.1078125 0.09722222222222222
6 0.53125 0.5680555555555555 0.06875 0.11388888888888889
6 0.86328125 0.6111111111111112 0.1171875 0.08333333333333333
6 0.25 0.7180555555555556 0.071875 0.09166666666666666
3 0.25390625 0.2611111111111111 0.1734375 0.05
3 0.5171875 0.21388888888888888 0.075 0.05555555555555555
3 0.65078125 0.20277777777777778 0.0734375 0.05555555555555555
3 0.87578125 0.2013888888888889 0.2328125 0.03611111111111111
3 0.31953125 0.6416666666666667 0.0484375 0.06666666666666667
3 0.59453125 0.6125 0.0421875 0.05277777777777778
3 0.60703125 0.4444444444444444 0.0671875 0.08888888888888889
3 0.60390625 0.7583333333333333 0.1140625 0.06666666666666667