3 0.3796875 0.24444444444444444 0.046875 0.18888888888888888
3 0.3515625 0.3111111111111111 0.08125 0.1111111111111111
3 0.2328125 0.5291666666666667 0.109375 0.16944444444444445
3 0.14375 0.6583333333333333 0.065625 0.18333333333333332
6 0.5921875 0.45694444444444443 0.025 0.20277777777777778
6 0.77890625 0.18888888888888888 0.0328125 0.044444444444444446
6 0.81015625 0.18055555555555555 0.0234375 0.07222222222222222
6 0.85078125 0.2125 0.0328125 0.041666666666666664
6 0.91875 0.21805555555555556 0.05 0.04722222222222222
3 0.74140625 0.17777777777777778 0.0203125 0.03333333333333333
3 0.61328125 0.24722222222222223 0.0265625 0.18888888888888888
3 0.6625 0.8694444444444445 0.05625 0.11666666666666667