6 0.29765625 0.6125 0.0671875 0.09166666666666666
6 0.4375 0.5847222222222223 0.0875 0.11388888888888889
6 0.6390625 0.5736111111111111 0.053125 0.09722222222222222
6 0.78515625 0.5583333333333333 0.1078125 0.07222222222222222
6 0.890625 0.5458333333333333 0.03125 0.14166666666666666
6 0.975 0.5666666666666667 0.028125 0.1
6 0.30703125 0.1111111111111111 0.1203125 0.18888888888888888
6 0.52265625 0.08472222222222223 0.3046875 0.1361111111111111
6 0.81953125 0.09583333333333334 0.0546875 0.15833333333333333
6 0.9203125 0.09027777777777778 0.084375 0.1527777777777778
3 0.52578125 0.2361111111111111 0.0390625 0.03888888888888889
3 0.603125 0.22916666666666666 0.05625 0.041666666666666664
3 0.75703125 0.22777777777777777 0.1015625 0.044444444444444446
3 0.959375 0.21388888888888888 0.071875 0.03888888888888889
3 0.3515625 0.55 0.040625 0.05
3 0.30703125 0.26805555555555555 0.1109375 0.03611111111111111
3 0.56875 0.5444444444444444 0.03125 0.06111111111111111
3 0.575 0.4111111111111111 0.053125 0.06111111111111111