6 0.103125 0.7194444444444444 0.071875 0.14444444444444443
6 0.3640625 0.725 0.09375 0.09444444444444444
6 0.58203125 0.7055555555555556 0.1453125 0.07777777777777778
6 0.7375 0.6777777777777778 0.05 0.15555555555555556
6 0.8625 0.7013888888888888 0.046875 0.16944444444444445
6 0.53515625 0.08472222222222223 0.0796875 0.1527777777777778
6 0.703125 0.075 0.128125 0.1388888888888889
6 0.925 0.10833333333333334 0.140625 0.044444444444444446
6 0.1703125 0.07361111111111111 0.05625 0.1361111111111111
3 0.40078125 0.2625 0.2265625 0.041666666666666664
3 0.47890625 0.2361111111111111 0.0765625 0.07777777777777778
3 0.16640625 0.2611111111111111 0.0640625 0.06666666666666667
3 0.775 0.225 0.171875 0.05555555555555555
3 0.31953125 0.8611111111111112 0.1890625 0.05555555555555555
3 0.2609375 0.7125 0.05 0.058333333333333334
3 0.2203125 0.5388888888888889 0.1 0.06666666666666667
3 0.91953125 0.375 0.1609375 0.1
3 0.90078125 0.8166666666666667 0.1421875 0.06111111111111111