6 0.31875 0.13333333333333333 0.23125 0.25
6 0.61328125 0.09166666666666666 0.3546875 0.17777777777777778
6 0.490625 0.7444444444444445 0.096875 0.10555555555555556
6 0.603125 0.6958333333333333 0.059375 0.15833333333333333
6 0.75078125 0.7083333333333334 0.0703125 0.11666666666666667
6 0.92890625 0.7055555555555556 0.1234375 0.08333333333333333
6 0.32265625 0.8069444444444445 0.0671875 0.10277777777777777
3 0.58515625 0.30277777777777776 0.1421875 0.06666666666666667
3 0.753125 0.28888888888888886 0.075 0.06666666666666667
3 0.91953125 0.29444444444444445 0.1484375 0.044444444444444446
3 0.65625 0.6972222222222222 0.028125 0.06666666666666667
3 0.3765625 0.7180555555555556 0.0625 0.075
3 0.68828125 0.5291666666666667 0.0734375 0.075