3 0.73125 0.20555555555555555 0.215625 0.08888888888888889
6 0.2328125 0.31805555555555554 0.03125 0.1638888888888889
6 0.07578125 0.6736111111111112 0.1078125 0.075
6 0.928125 0.8 0.09375 0.07777777777777778
6 0.771875 0.8013888888888889 0.2125 0.06944444444444445
6 0.59453125 0.7902777777777777 0.1484375 0.075
6 0.79765625 0.3861111111111111 0.0328125 0.08888888888888889
6 0.93359375 0.42777777777777776 0.1328125 0.3388888888888889
3 0.55703125 0.17777777777777778 0.1296875 0.11666666666666667
3 0.26640625 0.15694444444444444 0.1453125 0.058333333333333334
3 0.42890625 0.16666666666666666 0.1078125 0.08333333333333333