9 0.32578125 0.30277777777777776 0.0484375 0.26666666666666666
9 0.215625 0.5569444444444445 0.096875 0.21388888888888888
9 0.14765625 0.7069444444444445 0.0765625 0.20277777777777778
6 0.6078125 0.4125 0.034375 0.20277777777777778
6 0.7140625 0.15694444444444444 0.03125 0.06944444444444445
6 0.74765625 0.14027777777777778 0.0234375 0.06944444444444445
6 0.7796875 0.15833333333333333 0.03125 0.03888888888888889
6 0.8453125 0.15833333333333333 0.04375 0.06666666666666667
3 0.5921875 0.17777777777777778 0.040625 0.10555555555555556
3 0.78515625 0.8194444444444444 0.0453125 0.08888888888888889
3 0.684375 0.1388888888888889 0.015625 0.03333333333333333