9 0.4140625 0.19583333333333333 0.05625 0.1361111111111111
9 0.26640625 0.6333333333333333 0.0984375 0.2
9 0.21953125 0.7513888888888889 0.1171875 0.14166666666666666
3 0.58515625 0.26805555555555555 0.0171875 0.125
3 0.58515625 0.3625 0.0171875 0.1361111111111111
3 0.74765625 0.8291666666666667 0.0265625 0.075
6 0.73515625 0.04722222222222222 0.0609375 0.08888888888888889
6 0.71328125 0.13333333333333333 0.0421875 0.08888888888888889
6 0.94765625 0.3625 0.0953125 0.10833333333333334
6 0.95078125 0.6722222222222223 0.0578125 0.07777777777777778
6 0.84765625 0.6847222222222222 0.0546875 0.058333333333333334