6 0.43125 0.7680555555555556 0.109375 0.09722222222222222
6 0.528125 0.6902777777777778 0.06875 0.09722222222222222
6 0.6890625 0.7555555555555555 0.103125 0.06111111111111111
6 0.8859375 0.7236111111111111 0.134375 0.10277777777777777
6 0.26953125 0.8222222222222222 0.0984375 0.07222222222222222
6 0.19765625 0.15138888888888888 0.1828125 0.2916666666666667
6 0.446875 0.08472222222222223 0.309375 0.15833333333333333
6 0.70390625 0.10555555555555556 0.1984375 0.2
6 0.97890625 0.12777777777777777 0.0390625 0.19444444444444445
3 0.5375 0.33611111111111114 0.078125 0.07222222222222222
3 0.67265625 0.32222222222222224 0.0828125 0.06111111111111111
3 0.88125 0.3138888888888889 0.225 0.03888888888888889
3 0.3109375 0.7472222222222222 0.071875 0.06111111111111111
3 0.61328125 0.5638888888888889 0.0734375 0.07222222222222222
3 0.6 0.7138888888888889 0.0375 0.06111111111111111
3 0.74765625 0.8347222222222223 0.1453125 0.058333333333333334
3 0.20390625 0.9291666666666667 0.1359375 0.058333333333333334