6 0.128125 0.6472222222222223 0.03125 0.08333333333333333
6 0.30703125 0.6236111111111111 0.0515625 0.09722222222222222
6 0.46328125 0.5680555555555555 0.0984375 0.08611111111111111
6 0.55 0.49027777777777776 0.053125 0.125
6 0.66875 0.5736111111111111 0.06875 0.06944444444444445
6 0.84453125 0.5472222222222223 0.1109375 0.07222222222222222
6 0.97265625 0.5125 0.0234375 0.11388888888888889
6 0.29140625 0.07361111111111111 0.1078125 0.125
6 0.54765625 0.08055555555555556 0.1140625 0.05555555555555555
6 0.671875 0.03888888888888889 0.04375 0.07222222222222222
6 0.92578125 0.044444444444444446 0.0703125 0.08333333333333333
3 0.19453125 0.21666666666666667 0.1421875 0.044444444444444446
3 0.315625 0.20694444444444443 0.121875 0.030555555555555555
3 0.521875 0.1736111111111111 0.140625 0.05277777777777778
3 0.66953125 0.15138888888888888 0.0609375 0.04722222222222222
3 0.84140625 0.14166666666666666 0.1421875 0.06666666666666667
3 0.9453125 0.25 0.084375 0.044444444444444446
3 0.3609375 0.5416666666666666 0.05625 0.07222222222222222
3 0.60703125 0.5291666666666667 0.0328125 0.041666666666666664
3 0.34375 0.3194444444444444 0.115625 0.027777777777777776
3 0.5796875 0.37777777777777777 0.134375 0.05555555555555555