3 0.7765625 0.40555555555555556 0.053125 0.10555555555555556
3 0.890625 0.6916666666666667 0.065625 0.07777777777777778
3 0.95390625 0.5805555555555556 0.0484375 0.08888888888888889
3 0.86328125 0.3625 0.0421875 0.06944444444444445
3 0.82265625 0.2847222222222222 0.0390625 0.08055555555555556
3 0.4515625 0.7180555555555556 0.165625 0.14722222222222223
3 0.22578125 0.5958333333333333 0.1234375 0.15833333333333333
3 0.240625 0.7583333333333333 0.05 0.11666666666666667
3 0.29765625 0.46111111111111114 0.0328125 0.07777777777777778
3 0.42265625 0.3861111111111111 0.0578125 0.05
3 0.725 0.25277777777777777 0.040625 0.07222222222222222