3 0.653125 0.7625 0.0625 0.05277777777777778
3 0.96015625 0.6083333333333333 0.0578125 0.05555555555555555
3 0.90625 0.7388888888888889 0.025 0.03333333333333333
3 0.659375 0.4791666666666667 0.06875 0.030555555555555555
3 0.75078125 0.4722222222222222 0.0796875 0.016666666666666666
3 0.515625 0.49722222222222223 0.04375 0.027777777777777776
3 0.90703125 0.45694444444444443 0.0578125 0.019444444444444445
6 0.75390625 0.7833333333333333 0.0859375 0.06111111111111111
6 0.84140625 0.7458333333333333 0.0359375 0.075
6 0.59140625 0.8458333333333333 0.0578125 0.06944444444444445
6 0.365625 0.8694444444444445 0.0625 0.06111111111111111
6 0.95 0.7638888888888888 0.0375 0.05
6 0.64140625 0.35138888888888886 0.0953125 0.06944444444444445
6 0.93828125 0.17916666666666667 0.1234375 0.13055555555555556
6 0.6953125 0.2013888888888889 0.128125 0.11944444444444445
6 0.8125 0.20277777777777778 0.096875 0.16111111111111112
6 0.54375 0.375 0.090625 0.06111111111111111
6 0.34453125 0.3902777777777778 0.0578125 0.058333333333333334