3 0.0640625 0.3 0.05625 0.03333333333333333
3 0.17578125 0.3013888888888889 0.1203125 0.025
3 0.215625 0.2902777777777778 0.046875 0.05277777777777778
3 0.4 0.2833333333333333 0.125 0.027777777777777776
3 0.621875 0.2722222222222222 0.14375 0.027777777777777776
3 0.146875 0.5611111111111111 0.025 0.06111111111111111
3 0.2875 0.5013888888888889 0.021875 0.075
3 0.08828125 0.44722222222222224 0.1078125 0.044444444444444446
6 0.046875 0.5847222222222223 0.059375 0.06944444444444445
6 0.109375 0.5680555555555555 0.028125 0.10277777777777777
6 0.20703125 0.5791666666666667 0.0609375 0.06944444444444445
6 0.3453125 0.5777777777777777 0.078125 0.07777777777777778
6 0.528125 0.5736111111111111 0.040625 0.11388888888888889
6 0.25390625 0.17222222222222222 0.0515625 0.1388888888888889
6 0.359375 0.1638888888888889 0.046875 0.1388888888888889
6 0.6890625 0.14444444444444443 0.1125 0.1388888888888889
6 0.06015625 0.18333333333333332 0.1046875 0.15
9 0.94375 0.04722222222222222 0.08125 0.08888888888888889
9 0.94765625 0.21805555555555556 0.0609375 0.11388888888888889