6 0.55703125 0.18055555555555555 0.1671875 0.2722222222222222
6 0.82109375 0.11666666666666667 0.3578125 0.17222222222222222
6 0.66953125 0.7555555555555555 0.0984375 0.09444444444444444
6 0.7796875 0.6847222222222222 0.059375 0.1361111111111111
6 0.8953125 0.7402777777777778 0.075 0.058333333333333334
6 0.5015625 0.8055555555555556 0.078125 0.07222222222222222
3 0.5859375 0.40694444444444444 0.165625 0.03611111111111111
3 0.81640625 0.3888888888888889 0.1109375 0.027777777777777776
3 0.88203125 0.3472222222222222 0.0484375 0.06111111111111111
3 0.56640625 0.7347222222222223 0.0703125 0.06944444444444445
3 0.8640625 0.5736111111111111 0.178125 0.058333333333333334
3 0.82578125 0.7180555555555556 0.0234375 0.058333333333333334