6 0.47578125 0.1125 0.0796875 0.21944444444444444
6 0.2953125 0.12361111111111112 0.096875 0.2361111111111111
6 0.94453125 0.10138888888888889 0.1078125 0.18611111111111112
6 0.41953125 0.7013888888888888 0.0953125 0.10277777777777777
6 0.215625 0.7236111111111111 0.084375 0.10277777777777777
6 0.04765625 0.6680555555555555 0.0828125 0.13055555555555556
6 0.55390625 0.6944444444444444 0.0453125 0.14444444444444443
6 0.67578125 0.6958333333333333 0.0421875 0.1527777777777778
3 0.234375 0.325 0.1375 0.03333333333333333
3 0.24453125 0.3125 0.0421875 0.06388888888888888
3 0.56640625 0.3013888888888889 0.2515625 0.03611111111111111
3 0.87890625 0.2847222222222222 0.2140625 0.03611111111111111
3 0.08828125 0.5555555555555556 0.0859375 0.08333333333333333
3 0.12890625 0.7055555555555556 0.0390625 0.05555555555555555
3 0.75625 0.4125 0.184375 0.075
3 0.20078125 0.8416666666666667 0.1265625 0.06666666666666667
3 0.78515625 0.7902777777777777 0.1078125 0.08611111111111111