9 0.44765625 0.12361111111111112 0.0515625 0.125
9 0.34453125 0.43472222222222223 0.0796875 0.15833333333333333
9 0.31015625 0.5333333333333333 0.0671875 0.2111111111111111
9 0.25390625 0.7013888888888888 0.0890625 0.20833333333333334
3 0.60625 0.15694444444444444 0.025 0.14166666666666666
3 0.7109375 0.43472222222222223 0.05 0.041666666666666664
3 0.7375 0.6666666666666666 0.05625 0.19444444444444445
6 0.90390625 0.15138888888888888 0.0796875 0.08611111111111111
6 0.96640625 0.1388888888888889 0.0640625 0.05
6 0.9015625 0.42916666666666664 0.04375 0.06944444444444445
6 0.9515625 0.3958333333333333 0.034375 0.075
6 0.82265625 0.4444444444444444 0.0484375 0.044444444444444446