3 0.71953125 0.29583333333333334 0.0421875 0.075
3 0.0859375 0.11666666666666667 0.025 0.05
3 0.0171875 0.21944444444444444 0.021875 0.044444444444444446
3 0.31953125 0.24166666666666667 0.0796875 0.06666666666666667
3 0.45703125 0.3055555555555556 0.0953125 0.05555555555555555
3 0.46015625 0.5513888888888889 0.1171875 0.05277777777777778
3 0.29765625 0.6833333333333333 0.0265625 0.06111111111111111
3 0.67578125 0.17916666666666667 0.0421875 0.06944444444444445
3 0.821875 0.37916666666666665 0.0375 0.075
3 0.7765625 0.2847222222222222 0.04375 0.06388888888888888
3 0.71640625 0.125 0.0390625 0.07222222222222222