6 0.82265625 0.14166666666666666 0.0421875 0.06666666666666667
6 0.76875 0.15694444444444444 0.015625 0.06944444444444445
6 0.8046875 0.6138888888888889 0.078125 0.1111111111111111
6 0.62890625 0.3958333333333333 0.0390625 0.1361111111111111
9 0.03125 0.6736111111111112 0.053125 0.30277777777777776
9 0.0203125 0.14027777777777778 0.03125 0.20833333333333334
3 0.684375 0.26805555555555555 0.05 0.08611111111111111
3 0.8375 0.46111111111111114 0.103125 0.1111111111111111
3 0.32265625 0.15555555555555556 0.0484375 0.08333333333333333
3 0.28203125 0.09166666666666666 0.0359375 0.07777777777777778
6 0.43203125 0.14027777777777778 0.0515625 0.125
6 0.4359375 0.4305555555555556 0.071875 0.18888888888888888
6 0.51875 0.5555555555555556 0.096875 0.17777777777777778
6 0.60390625 0.725 0.1046875 0.14444444444444443
6 0.7171875 0.1527777777777778 0.028125 0.10555555555555556
6 0.909375 0.08333333333333333 0.034375 0.044444444444444446