3 0.55703125 0.18333333333333332 0.0578125 0.07222222222222222
3 0.684375 0.18055555555555555 0.065625 0.07222222222222222
3 0.88125 0.17777777777777778 0.175 0.03888888888888889
3 0.33203125 0.6347222222222222 0.0546875 0.08611111111111111
3 0.6078125 0.6125 0.034375 0.058333333333333334
3 0.76640625 0.7347222222222223 0.1390625 0.075
3 0.171875 0.8125 0.1625 0.075
3 0.63203125 0.42916666666666664 0.1265625 0.09166666666666666
6 0.44453125 0.6513888888888889 0.1140625 0.13055555555555556
6 0.55078125 0.5694444444444444 0.0546875 0.15555555555555556
6 0.278125 0.7069444444444445 0.075 0.11388888888888889
6 0.88203125 0.6125 0.1203125 0.09166666666666666
6 0.2296875 0.08333333333333333 0.1875 0.14444444444444443
6 0.528125 0.07361111111111111 0.159375 0.09722222222222222
6 0.68828125 0.041666666666666664 0.0515625 0.07777777777777778
6 0.97265625 0.05 0.0515625 0.08333333333333333