9 0.40703125 0.2611111111111111 0.0390625 0.13333333333333333
9 0.38828125 0.37222222222222223 0.0390625 0.17777777777777778
9 0.34375 0.6180555555555556 0.0625 0.1527777777777778
9 0.30390625 0.7166666666666667 0.0609375 0.19444444444444445
6 0.73125 0.4847222222222222 0.04375 0.20277777777777778
6 0.77890625 0.18055555555555555 0.0265625 0.06111111111111111
6 0.80625 0.17222222222222222 0.021875 0.06666666666666667
6 0.84453125 0.18472222222222223 0.0265625 0.058333333333333334
6 0.90078125 0.17777777777777778 0.0359375 0.05555555555555555
6 0.94375 0.18888888888888888 0.015625 0.05
6 0.98515625 0.17777777777777778 0.0203125 0.05555555555555555
6 0.73203125 0.6916666666666667 0.0609375 0.22777777777777777
6 0.6921875 0.5291666666666667 0.090625 0.2638888888888889
3 0.73125 0.3458333333333333 0.03125 0.06944444444444445
3 0.89453125 0.7611111111111111 0.0671875 0.07222222222222222