9 0.3515625 0.275 0.046875 0.18888888888888888
9 0.2328125 0.5625 0.096875 0.175
9 0.33203125 0.3333333333333333 0.0515625 0.16666666666666666
9 0.1703125 0.7125 0.109375 0.1361111111111111
6 0.625 0.44583333333333336 0.034375 0.18611111111111112
6 0.74140625 0.1736111111111111 0.0296875 0.06388888888888888
6 0.77578125 0.15694444444444444 0.0140625 0.06388888888888888
6 0.8109375 0.18472222222222223 0.034375 0.058333333333333334
6 0.87578125 0.17777777777777778 0.0453125 0.05555555555555555
3 0.709375 0.1625 0.01875 0.030555555555555555
3 0.61015625 0.19027777777777777 0.0421875 0.09722222222222222