6 0.56015625 0.0625 0.0796875 0.11944444444444445
6 0.725 0.0625 0.1 0.10277777777777777
6 0.20390625 0.05277777777777778 0.0609375 0.09444444444444444
6 0.11875 0.6902777777777778 0.0625 0.13055555555555556
6 0.21640625 0.6638888888888889 0.0515625 0.13333333333333333
6 0.36875 0.7055555555555556 0.096875 0.07222222222222222
6 0.59765625 0.6847222222222222 0.1359375 0.09722222222222222
6 0.74375 0.6416666666666667 0.05 0.15
6 0.86875 0.6791666666666667 0.046875 0.14166666666666666
6 0.95390625 0.6166666666666667 0.0828125 0.13333333333333333
3 0.17578125 0.22916666666666666 0.0765625 0.06388888888888888
3 0.3890625 0.225 0.234375 0.03333333333333333
3 0.4796875 0.20694444444444443 0.084375 0.06944444444444445
3 0.790625 0.19027777777777777 0.165625 0.04722222222222222
3 0.9109375 0.3458333333333333 0.171875 0.10277777777777777
3 0.63515625 0.3402777777777778 0.1203125 0.05277777777777778
3 0.246875 0.5055555555555555 0.125 0.08333333333333333
3 0.28203125 0.6791666666666667 0.0359375 0.04722222222222222