6 0.71328125 0.8847222222222222 0.1578125 0.10833333333333334
3 0.33203125 0.23472222222222222 0.1203125 0.075
3 0.57578125 0.27361111111111114 0.2265625 0.03611111111111111
3 0.8421875 0.28888888888888886 0.3 0.05
3 0.2109375 0.21666666666666667 0.071875 0.05555555555555555
6 0.0984375 0.7333333333333333 0.14375 0.08888888888888889
6 0.8953125 0.8722222222222222 0.20625 0.11666666666666667
6 0.553125 0.8305555555555556 0.15 0.08333333333333333
6 0.09140625 0.08472222222222223 0.0390625 0.04722222222222222
6 0.2625 0.029166666666666667 0.0125 0.03611111111111111
6 0.234375 0.04583333333333333 0.0125 0.058333333333333334
6 0.20078125 0.05277777777777778 0.0390625 0.06111111111111111
6 0.921875 0.5125 0.15625 0.3472222222222222
6 0.765625 0.4513888888888889 0.03125 0.09166666666666666
6 0.36015625 0.31805555555555554 0.0265625 0.075
6 0.1984375 0.3625 0.05 0.18611111111111112