3 0.2125 0.06666666666666667 0.021875 0.08333333333333333
3 0.48515625 0.9361111111111111 0.0484375 0.1
3 0.596875 0.9222222222222223 0.103125 0.1388888888888889
3 0.771875 0.9402777777777778 0.09375 0.11388888888888889
3 0.07578125 0.1388888888888889 0.0265625 0.06111111111111111
3 0.10703125 0.09166666666666666 0.0265625 0.06111111111111111
3 0.06015625 0.3194444444444444 0.0265625 0.06111111111111111
3 0.21640625 0.9277777777777778 0.0578125 0.1111111111111111
3 0.52890625 0.7722222222222223 0.0796875 0.1111111111111111
3 0.35390625 0.4625 0.0390625 0.10833333333333334
3 0.378125 0.9291666666666667 0.0875 0.125