3 0.5390625 0.6458333333333334 0.05625 0.03611111111111111
3 0.75078125 0.6291666666666667 0.0171875 0.03611111111111111
3 0.875 0.6638888888888889 0.03125 0.027777777777777776
3 0.78125 0.5013888888888889 0.046875 0.05277777777777778
3 0.7046875 0.35694444444444445 0.046875 0.025
3 0.8484375 0.3277777777777778 0.05625 0.03333333333333333
3 0.95390625 0.32916666666666666 0.0890625 0.025
3 0.58203125 0.37777777777777777 0.0796875 0.022222222222222223
6 0.5375 0.20277777777777778 0.1 0.2111111111111111
6 0.646875 0.1625 0.1 0.13055555555555556
6 0.73828125 0.14722222222222223 0.0703125 0.10555555555555556
6 0.83515625 0.16805555555555557 0.1171875 0.1527777777777778
6 0.61640625 0.6527777777777778 0.0640625 0.06666666666666667
6 0.70703125 0.6180555555555556 0.0390625 0.10833333333333334
6 0.96953125 0.6402777777777777 0.0484375 0.06944444444444445
6 0.49453125 0.7125 0.0421875 0.09166666666666666