6 0.71640625 0.1736111111111111 0.1015625 0.18055555555555555
6 0.8859375 0.12222222222222222 0.228125 0.12777777777777777
6 0.4546875 0.6722222222222223 0.06875 0.05
6 0.628125 0.6458333333333334 0.04375 0.11388888888888889
6 0.76015625 0.6 0.0765625 0.08888888888888889
6 0.82890625 0.5402777777777777 0.0546875 0.08055555555555556
6 0.92890625 0.6069444444444444 0.0546875 0.06944444444444445
3 0.68125 0.5847222222222223 0.04375 0.058333333333333334
3 0.903125 0.2833333333333333 0.0875 0.044444444444444446
3 0.72890625 0.3125 0.1234375 0.041666666666666664
3 0.92578125 0.45 0.0796875 0.06111111111111111
3 0.60078125 0.325 0.0515625 0.044444444444444446
9 0.05390625 0.16805555555555557 0.0828125 0.23055555555555557
9 0.15625 0.12361111111111112 0.078125 0.20277777777777778