3 0.53203125 0.15 0.1015625 0.06666666666666667
3 0.684375 0.14583333333333334 0.08125 0.06388888888888888
3 0.89453125 0.15138888888888888 0.1953125 0.05277777777777778
3 0.2484375 0.22361111111111112 0.184375 0.030555555555555555
3 0.3265625 0.6111111111111112 0.078125 0.06666666666666667
3 0.59453125 0.4166666666666667 0.1515625 0.05555555555555555
3 0.6109375 0.5958333333333333 0.01875 0.058333333333333334
3 0.8 0.7194444444444444 0.1375 0.06666666666666667
3 0.63515625 0.7458333333333333 0.1203125 0.058333333333333334
6 0.2171875 0.06666666666666667 0.196875 0.11666666666666667
6 0.5359375 0.05 0.153125 0.07222222222222222
6 0.4515625 0.6277777777777778 0.115625 0.11666666666666667
6 0.5546875 0.5458333333333333 0.078125 0.14166666666666666
6 0.26015625 0.6916666666666667 0.0859375 0.1
6 0.69765625 0.6222222222222222 0.0921875 0.07222222222222222
6 0.91015625 0.5888888888888889 0.1109375 0.1