6 0.80703125 0.19444444444444445 0.1109375 0.17222222222222222
6 0.9234375 0.14583333333333334 0.146875 0.08611111111111111
6 0.83203125 0.6180555555555556 0.0640625 0.08611111111111111
6 0.90078125 0.5388888888888889 0.0578125 0.07222222222222222
6 0.96953125 0.6194444444444445 0.0453125 0.05
6 0.54375 0.675 0.065625 0.05
6 0.703125 0.6513888888888889 0.05 0.08055555555555556
6 0.5515625 0.25833333333333336 0.046875 0.09444444444444444
3 0.73828125 0.3458333333333333 0.1078125 0.041666666666666664
3 0.81015625 0.32916666666666666 0.0234375 0.04722222222222222
3 0.878125 0.3347222222222222 0.05625 0.030555555555555555
3 0.9546875 0.3125 0.015625 0.04722222222222222
3 0.7609375 0.5958333333333333 0.0375 0.05277777777777778
9 0.04453125 0.6347222222222222 0.0859375 0.20833333333333334
9 0.165625 0.12361111111111112 0.109375 0.20833333333333334