6 0.22578125 0.09722222222222222 0.2109375 0.17777777777777778
6 0.96328125 0.0625 0.0734375 0.11944444444444445
6 0.67578125 0.05 0.0359375 0.09444444444444444
6 0.43515625 0.6736111111111112 0.0984375 0.10277777777777777
6 0.52578125 0.5777777777777777 0.0953125 0.11666666666666667
6 0.67578125 0.65 0.0734375 0.08333333333333333
6 0.86953125 0.6347222222222222 0.1296875 0.08611111111111111
6 0.2640625 0.7125 0.034375 0.13055555555555556
3 0.51015625 0.2111111111111111 0.1296875 0.06666666666666667
3 0.66328125 0.2125 0.0828125 0.06944444444444445
3 0.86875 0.20555555555555555 0.234375 0.03333333333333333
3 0.321875 0.6291666666666667 0.053125 0.075
3 0.61015625 0.4625 0.0671875 0.075
3 0.60390625 0.6194444444444445 0.0265625 0.06111111111111111
3 0.75 0.3458333333333333 0.059375 0.041666666666666664
3 0.340625 0.39166666666666666 0.103125 0.027777777777777776
3 0.64140625 0.7722222222222223 0.1203125 0.044444444444444446
3 0.96875 0.31805555555555554 0.05625 0.04722222222222222