3 0.49765625 0.4222222222222222 0.0265625 0.06111111111111111
3 0.49453125 0.5361111111111111 0.0265625 0.06111111111111111
3 0.74453125 0.6416666666666667 0.0265625 0.06111111111111111
3 0.821875 0.3458333333333333 0.04375 0.06944444444444445
3 0.93515625 0.5958333333333333 0.0484375 0.08611111111111111
3 0.48515625 0.9 0.0265625 0.06111111111111111
3 0.175 0.9361111111111111 0.046875 0.12222222222222222
3 0.03203125 0.24722222222222223 0.0265625 0.06111111111111111
3 0.80078125 0.11944444444444445 0.0265625 0.06111111111111111
3 0.90703125 0.3138888888888889 0.0265625 0.06111111111111111
3 0.76953125 0.2125 0.0234375 0.03611111111111111
3 0.52578125 0.3 0.0265625 0.06111111111111111