6 0.81328125 0.8125 0.1421875 0.075
6 0.940625 0.8194444444444444 0.11875 0.07222222222222222
6 0.06640625 0.6694444444444444 0.0921875 0.07222222222222222
6 0.13828125 0.07361111111111111 0.0234375 0.04722222222222222
6 0.184375 0.034722222222222224 0.046875 0.05277777777777778
6 0.70078125 0.40694444444444444 0.0328125 0.075
6 0.8859375 0.4722222222222222 0.228125 0.34444444444444444
6 0.1828125 0.3277777777777778 0.03125 0.17222222222222222
3 0.88515625 0.25277777777777777 0.2234375 0.07777777777777778
3 0.65703125 0.2513888888888889 0.2234375 0.08055555555555556
3 0.46015625 0.21805555555555556 0.1640625 0.10277777777777777
3 0.29765625 0.2013888888888889 0.1484375 0.06944444444444445
6 0.51328125 0.7791666666666667 0.1546875 0.08611111111111111
6 0.6640625 0.8111111111111111 0.153125 0.1