6 0.096875 0.45694444444444443 0.11875 0.10833333333333334
6 0.26328125 0.5180555555555556 0.0703125 0.09722222222222222
6 0.43203125 0.49722222222222223 0.1109375 0.08333333333333333
6 0.55 0.49027777777777776 0.0375 0.16944444444444445
6 0.6859375 0.4625 0.103125 0.09166666666666666
3 0.68828125 0.22916666666666666 0.1078125 0.08055555555555556
3 0.596875 0.10833333333333334 0.16875 0.03333333333333333
3 0.8234375 0.10277777777777777 0.2 0.03333333333333333
3 0.2578125 0.125 0.16875 0.03333333333333333
3 0.10390625 0.12777777777777777 0.0546875 0.044444444444444446
3 0.1671875 0.34444444444444444 0.0375 0.08333333333333333
3 0.190625 0.5013888888888889 0.034375 0.058333333333333334
3 0.43203125 0.22361111111111112 0.0703125 0.030555555555555555
3 0.74375 0.5972222222222222 0.09375 0.08333333333333333