6 0.7359375 0.21388888888888888 0.0625 0.12777777777777777
6 0.97265625 0.24583333333333332 0.0546875 0.10833333333333334
6 0.8765625 0.6569444444444444 0.034375 0.09722222222222222
6 0.9796875 0.6222222222222222 0.028125 0.1111111111111111
3 0.9375 0.6125 0.034375 0.06944444444444445
3 0.93203125 0.3625 0.0390625 0.041666666666666664
3 0.50703125 0.35138888888888886 0.0328125 0.16944444444444445
9 0.22265625 0.21388888888888888 0.0703125 0.2111111111111111
9 0.053125 0.7347222222222223 0.090625 0.25833333333333336
9 0.1640625 0.675 0.065625 0.1111111111111111
3 0.684375 0.7125 0.109375 0.25833333333333336
3 0.95703125 0.7958333333333333 0.0515625 0.06388888888888888