6 0.784375 0.3527777777777778 0.028125 0.07222222222222222
6 0.75390625 0.7444444444444445 0.1390625 0.10555555555555556
6 0.90390625 0.7513888888888889 0.1828125 0.11944444444444445
3 0.86875 0.2013888888888889 0.190625 0.058333333333333334
3 0.73125 0.20694444444444443 0.10625 0.09166666666666666
3 0.62578125 0.2111111111111111 0.0953125 0.06666666666666667
3 0.50078125 0.16944444444444445 0.1453125 0.07777777777777778
6 0.278125 0.2972222222222222 0.025 0.14444444444444443
6 0.05390625 0.28888888888888886 0.0421875 0.16666666666666666
3 0.33515625 0.1638888888888889 0.1671875 0.07222222222222222
6 0.12265625 0.625 0.1015625 0.08888888888888889
6 0.928125 0.4125 0.14375 0.30833333333333335
6 0.60703125 0.7305555555555555 0.1390625 0.06111111111111111