6 0.57265625 0.2847222222222222 0.0796875 0.13055555555555556
6 0.6515625 0.2513888888888889 0.075 0.08611111111111111
6 0.77265625 0.24027777777777778 0.1578125 0.10833333333333334
6 0.62890625 0.6694444444444444 0.0578125 0.07222222222222222
6 0.696875 0.6361111111111111 0.025 0.07222222222222222
6 0.7921875 0.6444444444444445 0.040625 0.05555555555555555
6 0.9125 0.6402777777777777 0.0875 0.04722222222222222
3 0.546875 0.41388888888888886 0.065625 0.027777777777777776
3 0.71015625 0.40694444444444444 0.0796875 0.019444444444444445
3 0.8125 0.38472222222222224 0.04375 0.03611111111111111
3 0.9171875 0.37916666666666665 0.075 0.019444444444444445
3 0.553125 0.6361111111111111 0.05 0.03888888888888889
3 0.73515625 0.6222222222222222 0.0203125 0.03888888888888889
3 0.840625 0.6555555555555556 0.025 0.03333333333333333
3 0.75625 0.5166666666666667 0.0375 0.044444444444444446