6 0.54765625 0.6777777777777778 0.0578125 0.05
6 0.70078125 0.6555555555555556 0.0515625 0.08888888888888889
6 0.82265625 0.6125 0.0640625 0.08611111111111111
6 0.8890625 0.5527777777777778 0.0625 0.09444444444444444
6 0.978125 0.6138888888888889 0.04375 0.03888888888888889
6 0.79453125 0.20694444444444443 0.1171875 0.1527777777777778
6 0.92578125 0.15694444444444444 0.1421875 0.09722222222222222
6 0.55078125 0.26666666666666666 0.0640625 0.07777777777777778
3 0.77578125 0.33611111111111114 0.0671875 0.044444444444444446
3 0.96015625 0.31666666666666665 0.0734375 0.044444444444444446
3 0.8546875 0.3458333333333333 0.071875 0.041666666666666664
3 0.76328125 0.5805555555555556 0.0484375 0.1111111111111111
9 0.10390625 0.19444444444444445 0.0796875 0.22777777777777777
9 0.1890625 0.11666666666666667 0.09375 0.2111111111111111