3 0.51640625 0.19027777777777777 0.0921875 0.075
3 0.7234375 0.21805555555555556 0.265625 0.06388888888888888
3 0.303125 0.16944444444444445 0.14375 0.06111111111111111
6 0.0640625 0.6847222222222222 0.109375 0.075
6 0.54140625 0.7916666666666666 0.1484375 0.07777777777777778
6 0.1890625 0.03611111111111111 0.0375 0.05555555555555555
6 0.9140625 0.46111111111111114 0.165625 0.37222222222222223
6 0.75390625 0.3958333333333333 0.0328125 0.09722222222222222
6 0.340625 0.25833333333333336 0.03125 0.08333333333333333
6 0.890625 0.8458333333333333 0.21875 0.11388888888888889
6 0.6953125 0.8472222222222222 0.140625 0.1
6 0.18125 0.30694444444444446 0.0625 0.175