9 0.2109375 0.3347222222222222 0.078125 0.19722222222222222
9 0.05703125 0.8138888888888889 0.0640625 0.1111111111111111
9 0.27578125 0.21805555555555556 0.0734375 0.25277777777777777
6 0.928125 0.4388888888888889 0.109375 0.1388888888888889
6 0.65703125 0.09027777777777778 0.0640625 0.11944444444444445
6 0.6265625 0.24583333333333332 0.04375 0.10833333333333334
6 0.675 0.43333333333333335 0.05625 0.08333333333333333
6 0.93125 0.7861111111111111 0.05625 0.07777777777777778
6 0.81328125 0.8180555555555555 0.0515625 0.09166666666666666
3 0.8984375 0.9527777777777777 0.0625 0.07777777777777778
3 0.8703125 0.7555555555555555 0.034375 0.07222222222222222
3 0.940625 0.5611111111111111 0.084375 0.03888888888888889
3 0.85078125 0.5791666666666667 0.0421875 0.030555555555555555