9 0.91015625 0.06666666666666667 0.1734375 0.13333333333333333
9 0.96328125 0.2013888888888889 0.0703125 0.15833333333333333
6 0.4171875 0.6777777777777778 0.03125 0.12222222222222222
6 0.22265625 0.6888888888888889 0.0703125 0.08888888888888889
6 0.32578125 0.7180555555555556 0.0546875 0.04722222222222222
3 0.48828125 0.3902777777777778 0.1609375 0.025
3 0.0640625 0.4166666666666667 0.11875 0.016666666666666666
3 0.22578125 0.40694444444444444 0.1484375 0.013888888888888888
6 0.0671875 0.7069444444444445 0.071875 0.06944444444444445
6 0.203125 0.2847222222222222 0.05625 0.125
6 0.55390625 0.2625 0.0828125 0.13055555555555556