9 0.41875 0.23472222222222222 0.040625 0.175
9 0.390625 0.3347222222222222 0.053125 0.1638888888888889
9 0.290625 0.5305555555555556 0.090625 0.18888888888888888
9 0.215625 0.675 0.078125 0.15
6 0.6734375 0.4625 0.034375 0.18611111111111112
6 0.82890625 0.2 0.0546875 0.07222222222222222
6 0.896875 0.20555555555555555 0.03125 0.05
6 0.9609375 0.21388888888888888 0.05 0.06111111111111111
3 0.6734375 0.20694444444444443 0.03125 0.11388888888888889
3 0.6828125 0.3013888888888889 0.03125 0.11388888888888889
3 0.784375 0.17777777777777778 0.025 0.027777777777777776