6 0.35 0.5847222222222223 0.10625 0.09166666666666666
6 0.4140625 0.4888888888888889 0.06875 0.08888888888888889
6 0.5703125 0.5666666666666667 0.084375 0.05555555555555555
6 0.7515625 0.5458333333333333 0.109375 0.06944444444444445
6 0.8765625 0.5305555555555556 0.03125 0.14444444444444443
6 0.97890625 0.5444444444444444 0.0359375 0.12222222222222222
6 0.17265625 0.6069444444444444 0.0609375 0.08611111111111111
6 0.1078125 0.06388888888888888 0.096875 0.1111111111111111
6 0.77578125 0.03611111111111111 0.0484375 0.06111111111111111
6 0.91328125 0.03333333333333333 0.0734375 0.05
3 0.23828125 0.5472222222222223 0.0453125 0.07222222222222222
3 0.5 0.5402777777777777 0.025 0.05277777777777778
3 0.65625 0.6236111111111111 0.0375 0.10277777777777777
3 0.52890625 0.6791666666666667 0.1203125 0.058333333333333334
3 0.82890625 0.24583333333333332 0.0796875 0.041666666666666664
3 0.95390625 0.12361111111111112 0.0765625 0.03611111111111111
3 0.67890625 0.14027777777777778 0.1859375 0.075
3 0.52265625 0.1388888888888889 0.0578125 0.05555555555555555
3 0.403125 0.14444444444444443 0.05625 0.05555555555555555