9 0.40703125 0.2847222222222222 0.0296875 0.20833333333333334
9 0.39453125 0.3972222222222222 0.0359375 0.16666666666666666
3 0.3359375 0.6180555555555556 0.071875 0.15833333333333333
6 0.734375 0.4847222222222222 0.046875 0.18055555555555555
6 0.79140625 0.18333333333333332 0.0515625 0.05
6 0.84765625 0.18333333333333332 0.0234375 0.06666666666666667
6 0.90390625 0.19027777777777777 0.0453125 0.06944444444444445
6 0.671875 0.4847222222222222 0.059375 0.2638888888888889
6 0.72265625 0.7055555555555556 0.0734375 0.2222222222222222
3 0.9140625 0.7625 0.03125 0.11388888888888889
3 0.73125 0.3458333333333333 0.05625 0.09166666666666666