9 0.44453125 0.19444444444444445 0.0640625 0.1111111111111111
3 0.84140625 0.8347222222222223 0.0859375 0.075
3 0.64453125 0.37916666666666665 0.0265625 0.08611111111111111
3 0.6375 0.2902777777777778 0.025 0.14166666666666666
9 0.284375 0.7611111111111111 0.1125 0.1388888888888889
3 0.96640625 0.6347222222222222 0.0296875 0.04722222222222222
6 0.8140625 0.05555555555555555 0.05 0.10555555555555556
6 0.96953125 0.35138888888888886 0.0609375 0.09166666666666666
9 0.321875 0.6333333333333333 0.09375 0.18888888888888888
6 0.9203125 0.6611111111111111 0.034375 0.05
6 0.99453125 0.6388888888888888 0.0109375 0.06666666666666667
6 0.66953125 0.7194444444444444 0.0484375 0.25555555555555554