9 0.2 0.5236111111111111 0.109375 0.28055555555555556
9 0.2890625 0.2777777777777778 0.075 0.18333333333333332
9 0.33515625 0.06666666666666667 0.0328125 0.1111111111111111
6 0.71875 0.7416666666666667 0.075 0.23333333333333334
6 0.79453125 0.18333333333333332 0.0390625 0.07222222222222222
6 0.83828125 0.15138888888888888 0.0296875 0.09166666666666666
6 0.88828125 0.18611111111111112 0.0328125 0.05
6 0.96640625 0.18055555555555555 0.0546875 0.05
3 0.759375 0.5902777777777778 0.05 0.08611111111111111
3 0.75703125 0.16944444444444445 0.0203125 0.03333333333333333
3 0.671875 0.2791666666666667 0.05 0.14166666666666666