6 0.51953125 0.5027777777777778 0.0703125 0.1111111111111111
6 0.35 0.5347222222222222 0.0625 0.09722222222222222
6 0.18828125 0.5013888888888889 0.0859375 0.10833333333333334
6 0.04765625 0.6027777777777777 0.0546875 0.08333333333333333
6 0.74453125 0.48333333333333334 0.1015625 0.07222222222222222
6 0.6109375 0.5125 0.034375 0.14166666666666666
6 0.56640625 0.05694444444444444 0.0640625 0.09166666666666666
6 0.44453125 0.06111111111111111 0.0359375 0.1111111111111111
6 0.2328125 0.05277777777777778 0.04375 0.1
6 0.09140625 0.029166666666666667 0.1328125 0.04722222222222222
6 0.91640625 0.05694444444444444 0.0640625 0.08611111111111111
3 0.4046875 0.15833333333333333 0.0875 0.05555555555555555
3 0.65390625 0.15555555555555556 0.1390625 0.03333333333333333
3 0.87890625 0.14722222222222223 0.1671875 0.027777777777777776
3 0.78203125 0.27361111111111114 0.0796875 0.058333333333333334
3 0.05078125 0.5180555555555556 0.0421875 0.058333333333333334
3 0.24140625 0.3736111111111111 0.0953125 0.06388888888888888
3 0.2765625 0.5083333333333333 0.03125 0.044444444444444446
3 0.4375 0.4083333333333333 0.05625 0.08888888888888889
3 0.65390625 0.4847222222222222 0.0265625 0.11944444444444445
3 0.696875 0.2388888888888889 0.1125 0.044444444444444446