3 0.1125 0.48333333333333334 0.084375 0.03333333333333333
3 0.35703125 0.46805555555555556 0.1453125 0.030555555555555555
3 0.746875 0.4527777777777778 0.240625 0.03333333333333333
3 0.62265625 0.8972222222222223 0.1609375 0.05555555555555555
3 0.10078125 0.9347222222222222 0.1859375 0.05277777777777778
3 0.67890625 0.5736111111111111 0.1296875 0.075
3 0.2828125 0.5625 0.109375 0.03611111111111111
6 0.33203125 0.2791666666666667 0.0828125 0.21944444444444444
6 0.1625 0.2902777777777778 0.109375 0.21388888888888888
6 0.87265625 0.24027777777777778 0.1921875 0.21388888888888888
6 0.321875 0.8125 0.09375 0.10833333333333334
6 0.46015625 0.8027777777777778 0.0421875 0.12222222222222222
6 0.1171875 0.8333333333333334 0.09375 0.06666666666666667
6 0.571875 0.7958333333333333 0.05 0.14722222222222223
6 0.63515625 0.7680555555555556 0.0515625 0.1527777777777778