9 0.1609375 0.28055555555555556 0.090625 0.29444444444444445
9 0.07890625 0.7916666666666666 0.0734375 0.1388888888888889
9 0.246875 0.16111111111111112 0.06875 0.22777777777777777
6 0.94765625 0.31666666666666665 0.0921875 0.15555555555555556
6 0.60703125 0.07777777777777778 0.0609375 0.12777777777777777
6 0.8484375 0.775 0.040625 0.08333333333333333
6 0.96953125 0.7222222222222222 0.0453125 0.06666666666666667
3 0.5875 0.8513888888888889 0.13125 0.2638888888888889
3 0.9328125 0.4736111111111111 0.1125 0.03611111111111111
3 0.9375 0.9402777777777778 0.0625 0.09166666666666666
3 0.9125 0.7236111111111111 0.04375 0.08611111111111111