6 0.1953125 0.06388888888888888 0.08125 0.11666666666666667
6 0.51015625 0.07361111111111111 0.0609375 0.11388888888888889
6 0.66953125 0.06111111111111111 0.0984375 0.1
6 0.11328125 0.6569444444444444 0.0640625 0.125
6 0.353125 0.6611111111111111 0.08125 0.1
6 0.5625 0.6458333333333334 0.121875 0.09722222222222222
6 0.703125 0.6222222222222222 0.04375 0.14444444444444443
6 0.82578125 0.6333333333333333 0.0265625 0.15555555555555556
3 0.378125 0.22916666666666666 0.234375 0.030555555555555555
3 0.45078125 0.20277777777777778 0.0765625 0.07222222222222222
3 0.7890625 0.19583333333333333 0.275 0.03611111111111111
3 0.1671875 0.22916666666666666 0.075 0.06944444444444445
3 0.2640625 0.6472222222222223 0.046875 0.05555555555555555
3 0.928125 0.32916666666666666 0.134375 0.08055555555555556
3 0.92265625 0.7513888888888889 0.1046875 0.058333333333333334
3 0.3265625 0.7958333333333333 0.115625 0.04722222222222222