6 0.40390625 0.05555555555555555 0.0484375 0.1
6 0.52578125 0.05 0.0609375 0.09444444444444444
6 0.17890625 0.05138888888888889 0.0390625 0.08055555555555556
6 0.134375 0.5069444444444444 0.0875 0.16944444444444445
6 0.3 0.5416666666666666 0.05625 0.07777777777777778
6 0.46953125 0.5138888888888888 0.0984375 0.1
6 0.58125 0.5055555555555555 0.0375 0.1388888888888889
6 0.7125 0.4847222222222222 0.096875 0.08611111111111111
6 0.8875 0.04583333333333333 0.059375 0.075
3 0.30390625 0.1638888888888889 0.1703125 0.05555555555555555
3 0.5625 0.15694444444444444 0.121875 0.041666666666666664
3 0.853125 0.15138888888888888 0.196875 0.030555555555555555
3 0.6828125 0.15138888888888888 0.103125 0.030555555555555555
3 0.1640625 0.175 0.0625 0.03888888888888889
3 0.728125 0.2625 0.15 0.075
3 0.23125 0.5111111111111111 0.025 0.06666666666666667
3 0.20703125 0.37222222222222223 0.0515625 0.05555555555555555
3 0.69453125 0.6305555555555555 0.0703125 0.05