9 0.428125 0.19166666666666668 0.06875 0.11666666666666667
9 0.30390625 0.5916666666666667 0.0953125 0.16666666666666666
9 0.25390625 0.7527777777777778 0.1046875 0.15555555555555556
3 0.609375 0.2513888888888889 0.021875 0.13055555555555556
3 0.61640625 0.37777777777777777 0.0234375 0.12222222222222222
3 0.76875 0.8194444444444444 0.0875 0.08888888888888889
6 0.77890625 0.03888888888888889 0.0578125 0.06111111111111111
6 0.75703125 0.11805555555555555 0.0421875 0.10277777777777777
6 0.9625 0.3458333333333333 0.06875 0.09722222222222222
6 0.87890625 0.6513888888888889 0.0453125 0.06944444444444445
6 0.97265625 0.6402777777777777 0.0484375 0.075