3 0.1609375 0.3861111111111111 0.096875 0.06111111111111111
3 0.4375 0.3736111111111111 0.15625 0.03611111111111111
3 0.81875 0.3527777777777778 0.225 0.03333333333333333
3 0.15390625 0.8902777777777777 0.1109375 0.04722222222222222
3 0.7234375 0.8513888888888889 0.15 0.058333333333333334
3 0.7328125 0.4888888888888889 0.153125 0.05555555555555555
3 0.3359375 0.4777777777777778 0.0875 0.044444444444444446
3 0.5828125 0.4625 0.121875 0.030555555555555555
6 0.403125 0.1736111111111111 0.071875 0.2361111111111111
6 0.2296875 0.18611111111111112 0.11875 0.2388888888888889
6 0.92578125 0.1388888888888889 0.1328125 0.2388888888888889
6 0.3671875 0.7513888888888889 0.084375 0.13055555555555556
6 0.50625 0.7388888888888889 0.046875 0.14444444444444443
6 0.62578125 0.7402777777777778 0.0390625 0.14722222222222223
6 0.16015625 0.7722222222222223 0.0953125 0.10555555555555556