9 0.94765625 0.0625 0.0796875 0.09166666666666666
9 0.9546875 0.23472222222222222 0.0625 0.11944444444444445
6 0.26015625 0.2013888888888889 0.0515625 0.1527777777777778
6 0.3671875 0.19722222222222222 0.05 0.14444444444444443
6 0.70390625 0.17916666666666667 0.1109375 0.14166666666666666
6 0.3484375 0.6138888888888889 0.090625 0.07222222222222222
6 0.534375 0.6055555555555555 0.03125 0.1111111111111111
6 0.446875 0.6069444444444444 0.034375 0.10277777777777777
6 0.20390625 0.6180555555555556 0.0640625 0.058333333333333334
6 0.053125 0.5944444444444444 0.05 0.11666666666666667
3 0.06875 0.3333333333333333 0.040625 0.027777777777777776
3 0.18828125 0.3333333333333333 0.1359375 0.022222222222222223
3 0.38828125 0.3236111111111111 0.0921875 0.025
3 0.146875 0.5888888888888889 0.025 0.044444444444444446
3 0.284375 0.6277777777777778 0.034375 0.03888888888888889
3 0.08125 0.4847222222222222 0.11875 0.04722222222222222
3 0.6234375 0.3055555555555556 0.134375 0.016666666666666666
3 0.48125 0.3138888888888889 0.06875 0.027777777777777776