3 0.06953125 0.7402777777777778 0.1296875 0.25277777777777777
3 0.175 0.6388888888888888 0.071875 0.17222222222222222
3 0.2109375 0.19583333333333333 0.09375 0.21944444444444444
6 0.88828125 0.6291666666666667 0.0390625 0.09166666666666666
6 0.98515625 0.5777777777777777 0.0265625 0.12777777777777777
6 0.734375 0.14027777777777778 0.065625 0.11388888888888889
6 0.97578125 0.2125 0.0421875 0.08611111111111111
3 0.94140625 0.5694444444444444 0.0359375 0.07222222222222222
3 0.9546875 0.7666666666666667 0.04375 0.07222222222222222
3 0.9484375 0.31805555555555554 0.078125 0.030555555555555555
3 0.70078125 0.7791666666666667 0.1484375 0.38055555555555554