6 0.26015625 0.11805555555555555 0.1078125 0.225
6 0.4265625 0.1125 0.090625 0.21388888888888888
6 0.91953125 0.09166666666666666 0.1578125 0.18333333333333332
6 0.646875 0.6861111111111111 0.05 0.14444444444444443
6 0.53203125 0.6888888888888889 0.0484375 0.16666666666666666
6 0.39453125 0.6944444444444444 0.0953125 0.13333333333333333
6 0.18515625 0.7180555555555556 0.0796875 0.11388888888888889
6 0.71875 0.6472222222222223 0.053125 0.13333333333333333
3 0.1875 0.32916666666666666 0.184375 0.030555555555555555
3 0.4375 0.29583333333333334 0.1875 0.03611111111111111
3 0.609375 0.2902777777777778 0.15625 0.025
3 0.85625 0.26805555555555555 0.225 0.030555555555555555
3 0.703125 0.4027777777777778 0.2125 0.08888888888888889
3 0.17890625 0.8458333333333333 0.1671875 0.04722222222222222
3 0.74765625 0.7902777777777777 0.1203125 0.075
3 0.103125 0.7069444444444445 0.034375 0.041666666666666664
3 0.059375 0.5569444444444445 0.046875 0.06944444444444445