3 0.48828125 0.7902777777777777 0.0640625 0.10833333333333334
3 0.4875 0.9625 0.0375 0.06944444444444445
3 0.596875 0.9583333333333334 0.053125 0.07222222222222222
3 0.77265625 0.95 0.0265625 0.06111111111111111
3 0.928125 0.6805555555555556 0.0625 0.08333333333333333
3 0.89765625 0.5791666666666667 0.0359375 0.09166666666666666
3 0.97578125 0.5222222222222223 0.0265625 0.06111111111111111
3 0.8453125 0.2625 0.034375 0.08611111111111111
3 0.82890625 0.41944444444444445 0.0265625 0.06111111111111111
3 0.21328125 0.3138888888888889 0.0265625 0.06111111111111111
3 0.50703125 0.5791666666666667 0.0984375 0.06944444444444445