3 0.1796875 0.39166666666666666 0.134375 0.016666666666666666
3 0.221875 0.375 0.03125 0.05
3 0.3921875 0.3736111111111111 0.096875 0.025
3 0.6359375 0.3625 0.146875 0.019444444444444445
3 0.1453125 0.6458333333333334 0.028125 0.041666666666666664
3 0.2859375 0.675 0.0375 0.03888888888888889
3 0.10390625 0.5347222222222222 0.0921875 0.04722222222222222
3 0.621875 0.49166666666666664 0.109375 0.03888888888888889
6 0.25625 0.2569444444444444 0.04375 0.14722222222222223
6 0.37265625 0.2513888888888889 0.0578125 0.14722222222222223
6 0.71953125 0.23472222222222222 0.1328125 0.1361111111111111
6 0.35 0.6472222222222223 0.05625 0.1
6 0.44765625 0.6347222222222222 0.0359375 0.11944444444444445
6 0.53828125 0.6333333333333333 0.0359375 0.13333333333333333
6 0.2046875 0.6680555555555555 0.0625 0.058333333333333334
6 0.040625 0.6555555555555556 0.059375 0.08333333333333333
9 0.94453125 0.06388888888888888 0.1015625 0.11666666666666667