3 0.5421875 0.24444444444444444 0.075 0.05555555555555555
3 0.6609375 0.2388888888888889 0.071875 0.07222222222222222
3 0.88359375 0.2388888888888889 0.2328125 0.027777777777777776
3 0.3296875 0.6638888888888889 0.05625 0.08333333333333333
3 0.60078125 0.6388888888888888 0.0171875 0.05555555555555555
3 0.615625 0.4666666666666667 0.08125 0.07777777777777778
6 0.209375 0.1125 0.296875 0.20833333333333334
6 0.49140625 0.08888888888888889 0.2015625 0.16666666666666666
6 0.684375 0.07361111111111111 0.15 0.1361111111111111
6 0.95859375 0.0763888888888889 0.0828125 0.14166666666666666
6 0.44140625 0.6847222222222222 0.1109375 0.11388888888888889
6 0.54765625 0.6236111111111111 0.0578125 0.14166666666666666
6 0.678125 0.6722222222222223 0.071875 0.06666666666666667
6 0.87890625 0.6527777777777778 0.1203125 0.08333333333333333
6 0.26328125 0.7347222222222223 0.0484375 0.125
6 0.784375 0.6291666666666667 0.040625 0.075