9 0.4234375 0.21805555555555556 0.065625 0.11944444444444445
9 0.29375 0.6513888888888889 0.10625 0.15833333333333333
9 0.25 0.7569444444444444 0.115625 0.1527777777777778
3 0.609375 0.27361111111111114 0.025 0.14166666666666666
3 0.61640625 0.37916666666666665 0.0265625 0.11388888888888889
3 0.80703125 0.8166666666666667 0.0390625 0.09444444444444444
6 0.78125 0.04722222222222222 0.05625 0.07222222222222222
6 0.7609375 0.12916666666666668 0.05 0.09722222222222222
6 0.959375 0.3680555555555556 0.08125 0.09722222222222222
6 0.88203125 0.6736111111111112 0.0390625 0.058333333333333334
6 0.97890625 0.6736111111111112 0.0390625 0.075