3 0.36015625 0.6805555555555556 0.0859375 0.022222222222222223
3 0.103125 0.7125 0.128125 0.025
3 0.48515625 0.6694444444444444 0.0890625 0.016666666666666666
3 0.675 0.6611111111111111 0.190625 0.016666666666666666
3 0.034375 0.8347222222222223 0.053125 0.05277777777777778
3 0.06875 0.9402777777777778 0.028125 0.030555555555555555
3 0.646875 0.7458333333333333 0.159375 0.06388888888888888
6 0.1390625 0.95 0.090625 0.05555555555555555
6 0.32890625 0.9333333333333333 0.0859375 0.08333333333333333
6 0.55 0.9347222222222222 0.05 0.09166666666666666
6 0.440625 0.9277777777777778 0.034375 0.10555555555555556
6 0.61328125 0.8847222222222222 0.0453125 0.10833333333333334
6 0.02578125 0.9625 0.0359375 0.06388888888888888
6 0.3328125 0.5236111111111111 0.0625 0.1638888888888889
6 0.18203125 0.5333333333333333 0.0703125 0.16666666666666666
6 0.77265625 0.49027777777777776 0.1640625 0.175
6 0.56015625 0.5791666666666667 0.2421875 0.030555555555555555