3 0.5046875 0.2625 0.23125 0.03611111111111111
3 0.58125 0.2388888888888889 0.08125 0.07222222222222222
3 0.8828125 0.22916666666666666 0.1625 0.05277777777777778
3 0.2921875 0.2611111111111111 0.078125 0.05
3 0.15078125 0.2791666666666667 0.0609375 0.04722222222222222
3 0.29140625 0.5305555555555556 0.1765625 0.06111111111111111
3 0.35078125 0.6958333333333333 0.0328125 0.05277777777777778
3 0.94765625 0.36944444444444446 0.1015625 0.10555555555555556
3 0.715625 0.3611111111111111 0.11875 0.05555555555555555
3 0.04765625 0.7125 0.0484375 0.08611111111111111
6 0.18515625 0.7402777777777778 0.1203125 0.10833333333333334
6 0.2921875 0.6847222222222222 0.0625 0.16944444444444445
6 0.42890625 0.7222222222222222 0.0765625 0.06666666666666667
6 0.65703125 0.7069444444444445 0.1328125 0.075
6 0.803125 0.6736111111111112 0.040625 0.1527777777777778
6 0.95078125 0.6555555555555556 0.0921875 0.06666666666666667
6 0.2859375 0.08472222222222223 0.10625 0.14722222222222223
6 0.6328125 0.08472222222222223 0.08125 0.14722222222222223
6 0.8125 0.07222222222222222 0.125 0.13333333333333333
6 0.0859375 0.04027777777777778 0.159375 0.06944444444444445