9 0.3921875 0.25555555555555554 0.040625 0.20555555555555555
9 0.32578125 0.5222222222222223 0.0796875 0.17777777777777778
9 0.37578125 0.3527777777777778 0.0484375 0.2222222222222222
9 0.28203125 0.6666666666666666 0.0609375 0.18888888888888888
6 0.74765625 0.37916666666666665 0.0546875 0.20277777777777778
6 0.7875 0.12916666666666668 0.040625 0.058333333333333334
6 0.9171875 0.12361111111111112 0.0375 0.05277777777777778
6 0.75390625 0.675 0.0796875 0.24444444444444444
6 0.69453125 0.4305555555555556 0.0640625 0.25555555555555554
3 0.703125 0.12916666666666668 0.04375 0.10277777777777777
3 0.73515625 0.19166666666666668 0.0515625 0.08333333333333333
3 0.94453125 0.6416666666666667 0.0578125 0.1