3 0.3 0.18611111111111112 0.128125 0.06666666666666667
6 0.115625 0.6222222222222222 0.103125 0.07777777777777778
3 0.87578125 0.24583333333333332 0.2390625 0.04722222222222222
3 0.575 0.21666666666666667 0.190625 0.044444444444444446
6 0.90703125 0.7513888888888889 0.1828125 0.08611111111111111
6 0.73515625 0.7513888888888889 0.1578125 0.10277777777777777
6 0.584375 0.7305555555555555 0.14375 0.09444444444444444
6 0.16640625 0.05277777777777778 0.0234375 0.05
6 0.21015625 0.022222222222222223 0.0546875 0.03888888888888889
6 0.04453125 0.2861111111111111 0.0421875 0.16666666666666666
6 0.903125 0.44583333333333336 0.19375 0.30277777777777776
6 0.2609375 0.3055555555555556 0.040625 0.15
3 0.4109375 0.19583333333333333 0.078125 0.06388888888888888