6 0.22578125 0.12361111111111112 0.0984375 0.24166666666666667
6 0.390625 0.11805555555555555 0.09375 0.21388888888888888
6 0.91015625 0.10555555555555556 0.1703125 0.19444444444444445
6 0.6234375 0.6791666666666667 0.040625 0.15833333333333333
6 0.5 0.6777777777777778 0.05 0.15555555555555556
6 0.36640625 0.7013888888888888 0.1046875 0.10277777777777777
6 0.1640625 0.7083333333333334 0.096875 0.09444444444444444
6 0.028125 0.6944444444444444 0.040625 0.15
3 0.11328125 0.3277777777777778 0.1453125 0.03888888888888889
3 0.42265625 0.3 0.1359375 0.044444444444444446
3 0.57890625 0.29583333333333334 0.1296875 0.025
3 0.80703125 0.2777777777777778 0.2359375 0.03333333333333333
3 0.17265625 0.8402777777777778 0.1453125 0.06388888888888888
3 0.74140625 0.7888888888888889 0.1171875 0.06111111111111111
3 0.66953125 0.39166666666666666 0.2203125 0.03888888888888889
3 0.7140625 0.44722222222222224 0.128125 0.09444444444444444
3 0.07890625 0.7 0.0421875 0.05555555555555555
3 0.028125 0.5388888888888889 0.05625 0.07777777777777778