9 0.27265625 0.4513888888888889 0.0984375 0.125
9 0.12578125 0.7583333333333333 0.0796875 0.14444444444444443
9 0.34765625 0.3458333333333333 0.0359375 0.15833333333333333
9 0.209375 0.65 0.078125 0.24444444444444444
9 0.44140625 0.058333333333333334 0.0578125 0.07777777777777778
3 0.66953125 0.35555555555555557 0.0484375 0.18888888888888888
3 0.68125 0.5791666666666667 0.034375 0.225
3 0.59140625 0.10138888888888889 0.0171875 0.075
6 0.6578125 0.8069444444444445 0.046875 0.11944444444444445
6 0.85 0.28888888888888886 0.0375 0.06666666666666667
6 0.89375 0.27361111111111114 0.01875 0.075
6 0.95078125 0.30694444444444446 0.0453125 0.03611111111111111
6 0.7734375 0.3 0.03125 0.06111111111111111