6 0.0375 0.04027777777777778 0.059375 0.075
6 0.09765625 0.029166666666666667 0.0484375 0.05277777777777778
6 0.275 0.5236111111111111 0.084375 0.10277777777777777
6 0.3671875 0.44583333333333336 0.059375 0.14166666666666666
6 0.4890625 0.5166666666666667 0.078125 0.07777777777777778
6 0.66640625 0.49583333333333335 0.0984375 0.08055555555555556
6 0.79140625 0.4777777777777778 0.0328125 0.14444444444444443
6 0.934375 0.45555555555555555 0.103125 0.08333333333333333
6 0.1125 0.5513888888888889 0.05 0.10277777777777777
3 0.175 0.5013888888888889 0.05 0.06388888888888888
3 0.42578125 0.4847222222222222 0.0390625 0.06944444444444445
3 0.4234375 0.3347222222222222 0.040625 0.06388888888888888
3 0.93203125 0.18333333333333332 0.1140625 0.044444444444444446
3 0.61328125 0.08472222222222223 0.0859375 0.041666666666666664
3 0.8421875 0.07222222222222222 0.109375 0.03333333333333333
3 0.4125 0.09027777777777778 0.05 0.041666666666666664
3 0.29765625 0.09444444444444444 0.0546875 0.05