3 0.534375 0.3388888888888889 0.071875 0.06111111111111111
3 0.6765625 0.3402777777777778 0.0875 0.058333333333333334
3 0.796875 0.32222222222222224 0.10625 0.044444444444444446
3 0.77265625 0.44166666666666665 0.1265625 0.027777777777777776
3 0.928125 0.425 0.140625 0.027777777777777776
3 0.56640625 0.4791666666666667 0.1046875 0.019444444444444445
3 0.67265625 0.6736111111111112 0.0796875 0.06944444444444445
3 0.9265625 0.6625 0.025 0.06944444444444445
6 0.78515625 0.6958333333333333 0.0828125 0.09722222222222222
6 0.59375 0.7680555555555556 0.0375 0.11388888888888889
6 0.3734375 0.7902777777777777 0.075 0.05277777777777778
6 0.8640625 0.6291666666666667 0.046875 0.08611111111111111
3 0.94765625 0.5 0.1046875 0.044444444444444446
3 0.34453125 0.5611111111111111 0.0390625 0.027777777777777776
6 0.71953125 0.11805555555555555 0.0984375 0.19166666666666668
6 0.88984375 0.07222222222222222 0.2203125 0.14444444444444443
6 0.34375 0.24583333333333332 0.071875 0.06944444444444445