9 0.34453125 0.34444444444444444 0.0859375 0.1388888888888889
9 0.28828125 0.5125 0.0921875 0.18055555555555555
9 0.18828125 0.7111111111111111 0.1015625 0.17777777777777778
9 0.44453125 0.06111111111111111 0.0546875 0.08333333333333333
3 0.5921875 0.11805555555555555 0.01875 0.11944444444444445
3 0.67890625 0.26805555555555555 0.0546875 0.04722222222222222
3 0.68828125 0.41805555555555557 0.0484375 0.18611111111111112
3 0.7 0.6458333333333334 0.03125 0.24166666666666667
6 0.88203125 0.3013888888888889 0.0671875 0.030555555555555555
6 0.96875 0.35138888888888886 0.040625 0.041666666666666664
6 0.86015625 0.0625 0.0671875 0.09166666666666666
6 0.94453125 0.05 0.1015625 0.05555555555555555