3 0.3921875 0.26805555555555555 0.046875 0.08055555555555556
3 0.5890625 0.4125 0.065625 0.058333333333333334
3 0.6890625 0.48055555555555557 0.0875 0.08333333333333333
3 0.0296875 0.2847222222222222 0.046875 0.11388888888888889
6 0.546875 0.5402777777777777 0.059375 0.1361111111111111
6 0.3640625 0.3902777777777778 0.04375 0.11944444444444445
6 0.13828125 0.21944444444444444 0.0640625 0.14444444444444443
6 0.19765625 0.5013888888888889 0.1109375 0.16944444444444445
6 0.3015625 0.6180555555555556 0.140625 0.1361111111111111
6 0.409375 0.7194444444444444 0.096875 0.14444444444444443
6 0.45390625 0.12361111111111112 0.0359375 0.075
6 0.50078125 0.12361111111111112 0.0234375 0.075
6 0.546875 0.07361111111111111 0.021875 0.06944444444444445