3 0.12265625 0.525 0.1546875 0.022222222222222223
3 0.33828125 0.5013888888888889 0.1015625 0.019444444444444445
3 0.66640625 0.48333333333333334 0.2140625 0.027777777777777776
3 0.45390625 0.49166666666666664 0.1390625 0.016666666666666666
3 0.23515625 0.8236111111111111 0.0390625 0.041666666666666664
3 0.06640625 0.7958333333333333 0.0296875 0.030555555555555555
3 0.0265625 0.675 0.05 0.05
3 0.596875 0.5847222222222223 0.0875 0.06388888888888888
6 0.32265625 0.3472222222222222 0.0765625 0.17777777777777778
6 0.1765625 0.35694444444444445 0.078125 0.18055555555555555
6 0.7421875 0.30833333333333335 0.140625 0.17222222222222222
6 0.53125 0.7861111111111111 0.046875 0.1111111111111111
6 0.3109375 0.7944444444444444 0.090625 0.08333333333333333
6 0.42890625 0.7847222222222222 0.0421875 0.11944444444444445
6 0.13828125 0.8138888888888889 0.0828125 0.07222222222222222
6 0.91640625 0.8666666666666667 0.0796875 0.25