6 0.3125 0.3055555555555556 0.075 0.21666666666666667
6 0.84375 0.2777777777777778 0.178125 0.2111111111111111
6 0.13828125 0.325 0.1015625 0.21666666666666667
6 0.29765625 0.8402777777777778 0.0796875 0.09722222222222222
6 0.565625 0.8277777777777777 0.04375 0.13333333333333333
6 0.1015625 0.8736111111111111 0.090625 0.075
3 0.0578125 0.5277777777777778 0.071875 0.044444444444444446
3 0.30703125 0.5083333333333333 0.1921875 0.016666666666666666
3 0.50703125 0.49583333333333335 0.1140625 0.019444444444444445
3 0.7375 0.49027777777777776 0.23125 0.025
3 0.14453125 0.5277777777777778 0.0828125 0.027777777777777776
3 0.66015625 0.5958333333333333 0.1171875 0.058333333333333334
3 0.54140625 0.5736111111111111 0.1109375 0.030555555555555555
3 0.26640625 0.5958333333333333 0.0953125 0.041666666666666664