6 0.02578125 0.44583333333333336 0.0421875 0.18055555555555555
6 0.2265625 0.49583333333333335 0.071875 0.10277777777777777
6 0.4140625 0.4791666666666667 0.09375 0.10833333333333334
6 0.5390625 0.48055555555555557 0.04375 0.16666666666666666
6 0.6875 0.45 0.109375 0.08333333333333333
3 0.5 0.03888888888888889 0.146875 0.05
3 0.265625 0.05694444444444444 0.121875 0.058333333333333334
3 0.14140625 0.4736111111111111 0.0390625 0.058333333333333334
3 0.71328125 0.18055555555555555 0.1203125 0.07222222222222222
3 0.83828125 0.03611111111111111 0.1796875 0.044444444444444446
3 0.11015625 0.3111111111111111 0.0578125 0.07777777777777778