3 0.3640625 0.25 0.04375 0.1388888888888889
3 0.2953125 0.40694444444444444 0.0875 0.20833333333333334
3 0.21015625 0.5777777777777777 0.0671875 0.18888888888888888
6 0.63203125 0.6888888888888889 0.0546875 0.31666666666666665
6 0.8296875 0.24027777777777778 0.03125 0.06944444444444445
6 0.87265625 0.22361111111111112 0.0234375 0.10277777777777777
6 0.9203125 0.25833333333333336 0.03125 0.06666666666666667
6 0.98203125 0.2569444444444444 0.0265625 0.05277777777777778
6 0.7578125 0.2513888888888889 0.03125 0.06944444444444445
3 0.6578125 0.44027777777777777 0.034375 0.1638888888888889
3 0.65078125 0.2611111111111111 0.0484375 0.18333333333333332