3 0.04453125 0.25 0.0609375 0.05555555555555555
3 0.19375 0.2513888888888889 0.09375 0.06388888888888888
3 0.41328125 0.24583333333333332 0.2296875 0.03611111111111111
3 0.48515625 0.2222222222222222 0.0671875 0.07777777777777778
3 0.8203125 0.2125 0.228125 0.04722222222222222
3 0.328125 0.8291666666666667 0.15 0.05277777777777778
3 0.9046875 0.3236111111111111 0.175 0.058333333333333334
3 0.9421875 0.4013888888888889 0.109375 0.08611111111111111
3 0.8921875 0.7805555555555556 0.125 0.05555555555555555
3 0.6359375 0.35694444444444445 0.125 0.04722222222222222
3 0.25390625 0.5069444444444444 0.0859375 0.09166666666666666
6 0.12578125 0.7125 0.0890625 0.11388888888888889
6 0.1921875 0.6166666666666667 0.053125 0.11666666666666667
6 0.36640625 0.6722222222222223 0.0765625 0.13333333333333333
6 0.59765625 0.6847222222222222 0.1546875 0.09722222222222222
6 0.896875 0.6472222222222223 0.103125 0.11666666666666667
6 0.73828125 0.6583333333333333 0.0453125 0.1388888888888889
6 0.55 0.07777777777777778 0.071875 0.1388888888888889
6 0.72265625 0.06805555555555555 0.1015625 0.11944444444444445
6 0.92578125 0.09722222222222222 0.1328125 0.03888888888888889
6 0.21015625 0.06805555555555555 0.0609375 0.125