9 0.33203125 0.2569444444444444 0.0484375 0.20833333333333334
9 0.30390625 0.35 0.0703125 0.16666666666666666
9 0.22578125 0.55 0.0921875 0.17777777777777778
9 0.16015625 0.6861111111111111 0.0859375 0.16666666666666666
6 0.60703125 0.4236111111111111 0.0546875 0.19722222222222222
6 0.715625 0.1527777777777778 0.034375 0.06111111111111111
6 0.74765625 0.12916666666666668 0.0234375 0.058333333333333334
6 0.784375 0.15694444444444444 0.025 0.041666666666666664
6 0.840625 0.15 0.046875 0.05
6 0.94140625 0.14027777777777778 0.0453125 0.05277777777777778
3 0.77265625 0.8347222222222223 0.0640625 0.1361111111111111
3 0.590625 0.1736111111111111 0.040625 0.08611111111111111