6 0.6171875 0.7069444444444445 0.171875 0.08611111111111111
6 0.0859375 0.3125 0.05 0.1361111111111111
6 0.75078125 0.36666666666666664 0.0296875 0.07777777777777778
3 0.10078125 0.17777777777777778 0.0859375 0.05
3 0.328125 0.19444444444444445 0.10625 0.06111111111111111
3 0.92265625 0.21944444444444444 0.1265625 0.07222222222222222
3 0.73203125 0.225 0.2078125 0.07222222222222222
3 0.56328125 0.22361111111111112 0.0921875 0.08611111111111111
6 0.29375 0.31666666666666665 0.025 0.12777777777777777
6 0.90390625 0.4222222222222222 0.1859375 0.29444444444444445
6 0.1765625 0.6305555555555555 0.0875 0.05
6 0.8578125 0.7125 0.275 0.08611111111111111