6 0.76015625 0.6888888888888889 0.0953125 0.07777777777777778
6 0.65078125 0.6736111111111112 0.1109375 0.08611111111111111
6 0.528125 0.6388888888888888 0.125 0.08333333333333333
6 0.3703125 0.06111111111111111 0.028125 0.08333333333333333
6 0.94453125 0.25277777777777777 0.1109375 0.38333333333333336
3 0.75703125 0.029166666666666667 0.1765625 0.030555555555555555
6 0.81015625 0.19444444444444445 0.0359375 0.1
6 0.20390625 0.13472222222222222 0.0328125 0.225
3 0.553125 0.029166666666666667 0.20625 0.03611111111111111
6 0.946875 0.6680555555555555 0.096875 0.13055555555555556
6 0.86328125 0.6861111111111111 0.0796875 0.10555555555555556