3 0.16015625 0.2388888888888889 0.0984375 0.23333333333333334
3 0.06875 0.7902777777777777 0.1125 0.14722222222222223
3 0.24453125 0.15 0.0703125 0.2
6 0.96015625 0.6777777777777778 0.0578125 0.07777777777777778
6 0.9421875 0.2513888888888889 0.103125 0.16944444444444445
6 0.59765625 0.05 0.0578125 0.09444444444444444
6 0.6640625 0.2125 0.06875 0.075
3 0.92890625 0.8777777777777778 0.0734375 0.1
3 0.90390625 0.6736111111111112 0.0484375 0.058333333333333334
3 0.9203125 0.4083333333333333 0.10625 0.027777777777777776
3 0.5828125 0.8125 0.10625 0.3194444444444444