3 0.253125 0.6402777777777777 0.065625 0.13055555555555556
3 0.46640625 0.6888888888888889 0.1515625 0.1111111111111111
3 0.50078125 0.5902777777777778 0.0703125 0.075
3 0.47890625 0.3888888888888889 0.0265625 0.06111111111111111
3 0.41953125 0.375 0.0265625 0.06111111111111111
3 0.775 0.3902777777777778 0.05625 0.09722222222222222
3 0.8578125 0.6069444444444444 0.05 0.11944444444444445
3 0.64140625 0.6569444444444444 0.0390625 0.08611111111111111
3 0.934375 0.5194444444444445 0.05625 0.10555555555555556
3 0.86015625 0.3347222222222222 0.0328125 0.09722222222222222
3 0.728125 0.24166666666666667 0.04375 0.08888888888888889
3 0.7890625 0.21388888888888888 0.040625 0.09444444444444444
3 0.61328125 0.3861111111111111 0.0265625 0.06111111111111111
3 0.31328125 0.41944444444444445 0.0265625 0.06111111111111111
3 0.24765625 0.5013888888888889 0.1109375 0.08055555555555556