3 0.25078125 0.19027777777777777 0.0796875 0.06388888888888888
3 0.4890625 0.18472222222222223 0.1875 0.04722222222222222
3 0.81875 0.1638888888888889 0.15625 0.05555555555555555
3 0.9203125 0.28055555555555556 0.15625 0.05555555555555555
3 0.9546875 0.35694444444444445 0.0875 0.03611111111111111
3 0.35078125 0.7888888888888889 0.1109375 0.05555555555555555
3 0.91328125 0.7347222222222223 0.1578125 0.03611111111111111
3 0.6546875 0.30694444444444446 0.1 0.05277777777777778
3 0.3078125 0.46805555555555556 0.046875 0.06388888888888888
3 0.0234375 0.6611111111111111 0.0375 0.07777777777777778
3 0.10390625 0.20694444444444443 0.0703125 0.06944444444444445
6 0.26640625 0.041666666666666664 0.0390625 0.07777777777777778
6 0.59453125 0.05138888888888889 0.0796875 0.09166666666666666
6 0.74375 0.041666666666666664 0.109375 0.07777777777777778
6 0.159375 0.1 0.046875 0.06111111111111111
6 0.16640625 0.6611111111111111 0.0859375 0.13333333333333333
6 0.2625 0.6236111111111111 0.05 0.16944444444444445
6 0.41328125 0.6472222222222223 0.0796875 0.10555555555555556
6 0.60703125 0.6569444444444444 0.1078125 0.09166666666666666
6 0.76328125 0.6236111111111111 0.0453125 0.14722222222222223
6 0.88515625 0.6361111111111111 0.0421875 0.1388888888888889
6 0.96328125 0.5972222222222222 0.0546875 0.12777777777777777