6 0.9140625 0.6569444444444444 0.165625 0.075
6 0.1234375 0.5625 0.08125 0.075
6 0.7546875 0.6791666666666667 0.140625 0.08611111111111111
6 0.60625 0.6402777777777777 0.1375 0.08611111111111111
6 0.01953125 0.15 0.0296875 0.2111111111111111
3 0.59765625 0.03333333333333333 0.1515625 0.05555555555555555
3 0.79375 0.034722222222222224 0.23125 0.05277777777777778
6 0.26015625 0.14027777777777778 0.0328125 0.20833333333333334
6 0.42265625 0.07916666666666666 0.0234375 0.075
6 0.95546875 0.24722222222222223 0.0890625 0.3388888888888889
6 0.8390625 0.2 0.0375 0.1