9 0.946875 0.06388888888888888 0.1 0.11666666666666667
3 0.15390625 0.4125 0.1265625 0.019444444444444445
3 0.1984375 0.3972222222222222 0.034375 0.05
3 0.35703125 0.3958333333333333 0.1078125 0.019444444444444445
3 0.63515625 0.37222222222222223 0.1546875 0.027777777777777776
3 0.47265625 0.38472222222222224 0.1140625 0.019444444444444445
3 0.0328125 0.40694444444444444 0.05 0.041666666666666664
3 0.121875 0.6611111111111111 0.028125 0.044444444444444446
3 0.271875 0.7 0.0375 0.03333333333333333
3 0.57890625 0.46805555555555556 0.0453125 0.030555555555555555
3 0.090625 0.5569444444444445 0.065625 0.05277777777777778
6 0.03125 0.6638888888888889 0.053125 0.1388888888888889
6 0.1875 0.6888888888888889 0.078125 0.05
6 0.3421875 0.6736111111111112 0.08125 0.08055555555555556
6 0.534375 0.6680555555555555 0.034375 0.10277777777777777
6 0.446875 0.7069444444444445 0.04375 0.05277777777777778
6 0.35625 0.25277777777777777 0.05 0.15
6 0.715625 0.23055555555555557 0.121875 0.14444444444444443
6 0.24140625 0.2611111111111111 0.0671875 0.15555555555555556
6 0.040625 0.26805555555555555 0.046875 0.13055555555555556
6 0.85625 0.8180555555555555 0.05 0.14166666666666666