6 0.44765625 0.7291666666666666 0.1140625 0.125
6 0.2859375 0.7902777777777777 0.05625 0.1361111111111111
6 0.69140625 0.7236111111111111 0.0890625 0.08611111111111111
6 0.9015625 0.6902777777777778 0.128125 0.08611111111111111
6 0.2640625 0.13472222222222222 0.20625 0.2361111111111111
6 0.559375 0.08472222222222223 0.384375 0.1527777777777778
6 0.97265625 0.1 0.0546875 0.17222222222222222
3 0.5046875 0.3111111111111111 0.15 0.03333333333333333
3 0.684375 0.275 0.075 0.06111111111111111
3 0.88203125 0.27361111111111114 0.2234375 0.03611111111111111
3 0.2953125 0.35 0.159375 0.027777777777777776
3 0.6296875 0.5347222222222222 0.071875 0.075
3 0.3265625 0.6958333333333333 0.06875 0.10277777777777777
3 0.61328125 0.6805555555555556 0.0359375 0.05555555555555555
3 0.79765625 0.7972222222222223 0.1203125 0.05
3 0.621875 0.8291666666666667 0.128125 0.06944444444444445