6 0.9015625 0.4513888888888889 0.196875 0.3527777777777778
6 0.190625 0.2972222222222222 0.040625 0.18333333333333332
6 0.34453125 0.25555555555555554 0.0265625 0.06111111111111111
6 0.69765625 0.7861111111111111 0.1859375 0.1
6 0.0703125 0.6458333333333334 0.115625 0.06944444444444445
3 0.921875 0.21944444444444444 0.134375 0.06111111111111111
3 0.71640625 0.20277777777777778 0.2046875 0.06666666666666667
3 0.34140625 0.16805555555555557 0.0671875 0.058333333333333334
3 0.22578125 0.1527777777777778 0.1328125 0.044444444444444446
6 0.89453125 0.7902777777777777 0.2109375 0.10833333333333334
6 0.5171875 0.7611111111111111 0.15625 0.07777777777777778
6 0.1359375 0.03611111111111111 0.028125 0.044444444444444446