6 0.72578125 0.9013888888888889 0.0578125 0.03611111111111111
6 0.80390625 0.8722222222222222 0.0546875 0.05
6 0.9421875 0.8958333333333334 0.053125 0.041666666666666664
3 0.653125 0.9055555555555556 0.0625 0.03333333333333333
3 0.875 0.8847222222222222 0.021875 0.03611111111111111
3 0.91953125 0.7791666666666667 0.0453125 0.04722222222222222
3 0.9390625 0.6513888888888889 0.046875 0.04722222222222222
3 0.86015625 0.6666666666666666 0.0203125 0.044444444444444446
3 0.75078125 0.7 0.0734375 0.016666666666666666
6 0.68515625 0.5513888888888889 0.0953125 0.125
6 0.790625 0.46944444444444444 0.03125 0.08888888888888889
6 0.8578125 0.45555555555555555 0.078125 0.07222222222222222
6 0.93515625 0.4527777777777778 0.0609375 0.08333333333333333
6 0.55625 0.6069444444444444 0.071875 0.06388888888888888
6 0.46328125 0.6069444444444444 0.0671875 0.075