3 0.065625 0.5013888888888889 0.078125 0.06944444444444445
3 0.41640625 0.6791666666666667 0.0421875 0.08611111111111111
3 0.45703125 0.7958333333333333 0.0359375 0.041666666666666664
3 0.59140625 0.19722222222222222 0.0328125 0.1388888888888889
3 0.49453125 0.30694444444444446 0.0703125 0.05277777777777778
3 0.728125 0.9458333333333333 0.03125 0.09722222222222222
3 0.79453125 0.15694444444444444 0.0234375 0.058333333333333334
10 0.74140625 0.6444444444444445 0.0609375 0.2388888888888889
10 0.89453125 0.6180555555555556 0.0765625 0.21388888888888888
10 0.9125 0.24027777777777778 0.075 0.058333333333333334
10 0.821875 0.3125 0.065625 0.09722222222222222