9 0.39453125 0.25 0.0328125 0.1388888888888889
9 0.37578125 0.35694444444444445 0.0484375 0.15833333333333333
9 0.3125 0.5666666666666667 0.06875 0.17777777777777778
9 0.271875 0.7458333333333333 0.065625 0.14722222222222223
6 0.70703125 0.46111111111111114 0.0421875 0.18888888888888888
6 0.76640625 0.17916666666666667 0.0265625 0.05277777777777778
6 0.7953125 0.16111111111111112 0.015625 0.06111111111111111
6 0.83203125 0.17222222222222222 0.0234375 0.03333333333333333
6 0.8890625 0.17916666666666667 0.040625 0.04722222222222222
6 0.97890625 0.16111111111111112 0.0265625 0.06111111111111111
6 0.64453125 0.4513888888888889 0.0453125 0.20277777777777778
6 0.6765625 0.6069444444444444 0.05 0.16944444444444445
3 0.69140625 0.27361111111111114 0.0484375 0.09722222222222222
3 0.8578125 0.7458333333333333 0.0625 0.10833333333333334