6 0.36640625 0.2569444444444444 0.0640625 0.15833333333333333
6 0.24375 0.2625 0.059375 0.15833333333333333
6 0.740625 0.23472222222222222 0.121875 0.14166666666666666
6 0.04453125 0.27361111111111114 0.0734375 0.1527777777777778
6 0.02578125 0.6791666666666667 0.0421875 0.14166666666666666
6 0.18828125 0.6944444444444444 0.0734375 0.06111111111111111
6 0.35078125 0.6888888888888889 0.0765625 0.07777777777777778
6 0.5515625 0.6847222222222222 0.034375 0.13055555555555556
3 0.1515625 0.4111111111111111 0.125 0.027777777777777776
3 0.2 0.3972222222222222 0.04375 0.05555555555555555
3 0.40078125 0.3888888888888889 0.1421875 0.022222222222222223
3 0.50703125 0.38333333333333336 0.0703125 0.022222222222222223
3 0.6625 0.37916666666666665 0.16875 0.025
3 0.1296875 0.6791666666666667 0.028125 0.041666666666666664
3 0.61640625 0.49583333333333335 0.0640625 0.08611111111111111
9 0.959375 0.14583333333333334 0.075 0.28055555555555556