6 0.17578125 0.4583333333333333 0.1078125 0.1111111111111111
6 0.10703125 0.5736111111111111 0.0890625 0.08611111111111111
6 0.33828125 0.5347222222222222 0.0765625 0.06944444444444445
6 0.52265625 0.5125 0.1046875 0.09166666666666666
6 0.6375 0.49583333333333335 0.0375 0.1527777777777778
6 0.78203125 0.4791666666666667 0.1015625 0.075
6 0.5875 0.02361111111111111 0.065625 0.030555555555555555
3 0.3828125 0.10555555555555556 0.1 0.06666666666666667
3 0.625 0.10138888888888889 0.109375 0.05277777777777778
3 0.9234375 0.09027777777777778 0.13125 0.04722222222222222
3 0.25625 0.5069444444444444 0.034375 0.058333333333333334
3 0.23828125 0.3458333333333333 0.0578125 0.08611111111111111
3 0.01875 0.5277777777777778 0.034375 0.06111111111111111
3 0.846875 0.24027777777777778 0.06875 0.058333333333333334
3 0.86953125 0.3 0.1171875 0.05555555555555555