6 0.3421875 0.5416666666666666 0.1 0.10555555555555556
6 0.43125 0.4736111111111111 0.034375 0.14722222222222223
6 0.56640625 0.5277777777777778 0.0640625 0.07222222222222222
6 0.734375 0.5083333333333333 0.10625 0.07222222222222222
6 0.95390625 0.49444444444444446 0.0265625 0.13333333333333333
6 0.165625 0.5694444444444444 0.05625 0.08333333333333333
6 0.1296875 0.04583333333333333 0.134375 0.08611111111111111
6 0.37890625 0.03333333333333333 0.1140625 0.05555555555555555
6 0.75078125 0.02361111111111111 0.0390625 0.03611111111111111
6 0.87890625 0.022222222222222223 0.0640625 0.027777777777777776
3 0.49140625 0.10694444444444444 0.0578125 0.04722222222222222
3 0.6734375 0.1125 0.190625 0.030555555555555555
3 0.703125 0.09444444444444444 0.065625 0.05555555555555555
3 0.93203125 0.09166666666666666 0.1109375 0.03888888888888889
3 0.3890625 0.12222222222222222 0.05 0.044444444444444446
3 0.23203125 0.5180555555555556 0.0453125 0.075
3 0.48515625 0.5013888888888889 0.0328125 0.06388888888888888
3 0.48125 0.3472222222222222 0.065625 0.07222222222222222
3 0.79140625 0.21805555555555556 0.0734375 0.041666666666666664