9 0.43515625 0.1625 0.0546875 0.11388888888888889
9 0.3046875 0.5861111111111111 0.10625 0.15
9 0.24453125 0.7611111111111111 0.0890625 0.20555555555555555
3 0.6046875 0.19027777777777777 0.028125 0.1361111111111111
3 0.609375 0.32222222222222224 0.028125 0.12222222222222222
3 0.7453125 0.7069444444444445 0.084375 0.08611111111111111
6 0.9546875 0.28888888888888886 0.078125 0.1
6 0.95703125 0.5916666666666667 0.0609375 0.07777777777777778
6 0.8609375 0.6083333333333333 0.05 0.05555555555555555
6 0.74765625 0.04722222222222222 0.0484375 0.07222222222222222
6 0.72890625 0.13472222222222222 0.0359375 0.08611111111111111